t_min,SoC_true_%,I_mA,Vterm_V,phase,STAT,fw_old_%,fw_new_%
0.000,3.00,300.0,3.5000,CC,0,5.0,5.0
0.083,3.07,300.0,3.5042,CC,0,5.1,5.1
0.167,3.14,300.0,3.5083,CC,0,5.1,5.1
0.250,3.21,300.0,3.5125,CC,0,5.2,5.2
0.333,3.28,300.0,3.5167,CC,0,5.2,5.2
0.417,3.35,300.0,3.5208,CC,0,5.3,5.3
0.500,3.42,300.0,3.5250,CC,0,5.3,5.3
0.583,3.49,300.0,3.5292,CC,0,5.4,5.4
0.667,3.56,300.0,3.5333,CC,0,5.4,5.4
0.750,3.62,300.0,3.5375,CC,0,5.5,5.5
0.833,3.69,300.0,3.5417,CC,0,5.5,5.5
0.917,3.76,300.0,3.5458,CC,0,5.6,5.6
1.000,3.83,300.0,3.5500,CC,0,5.6,5.6
1.083,3.90,300.0,3.5542,CC,0,5.7,5.7
1.167,3.97,300.0,3.5583,CC,0,5.7,5.7
1.250,4.04,300.0,3.5625,CC,0,5.8,5.8
1.333,4.11,300.0,3.5667,CC,0,5.8,5.8
1.417,4.18,300.0,3.5708,CC,0,5.9,5.9
1.500,4.25,300.0,3.5750,CC,0,6.0,6.0
1.583,4.32,300.0,3.5792,CC,0,6.0,6.0
1.667,4.39,300.0,3.5833,CC,0,6.1,6.1
1.750,4.46,300.0,3.5875,CC,0,6.1,6.1
1.833,4.53,300.0,3.5917,CC,0,6.2,6.2
1.917,4.60,300.0,3.5958,CC,0,6.2,6.2
2.000,4.67,300.0,3.6000,CC,0,6.3,6.3
2.083,4.74,300.0,3.6042,CC,0,6.3,6.3
2.167,4.81,300.0,3.6083,CC,0,6.4,6.4
2.250,4.87,300.0,3.6125,CC,0,6.4,6.4
2.333,4.94,300.0,3.6167,CC,0,6.5,6.5
2.417,5.01,300.0,3.6203,CC,0,6.5,6.5
2.500,5.08,300.0,3.6220,CC,0,6.6,6.6
2.583,5.15,300.0,3.6237,CC,0,6.6,6.6
2.667,5.22,300.0,3.6253,CC,0,6.7,6.7
2.750,5.29,300.0,3.6270,CC,0,6.7,6.7
2.833,5.36,300.0,3.6287,CC,0,6.8,6.8
2.917,5.43,300.0,3.6303,CC,0,6.8,6.8
3.000,5.50,300.0,3.6320,CC,0,6.9,6.9
3.083,5.57,300.0,3.6337,CC,0,7.0,7.0
3.167,5.64,300.0,3.6353,CC,0,7.0,7.0
3.250,5.71,300.0,3.6370,CC,0,7.1,7.1
3.333,5.78,300.0,3.6387,CC,0,7.1,7.1
3.417,5.85,300.0,3.6403,CC,0,7.2,7.2
3.500,5.92,300.0,3.6420,CC,0,7.2,7.2
3.583,5.99,300.0,3.6437,CC,0,7.3,7.3
3.667,6.06,300.0,3.6453,CC,0,7.3,7.3
3.750,6.12,300.0,3.6470,CC,0,7.4,7.4
3.833,6.19,300.0,3.6487,CC,0,7.4,7.4
3.917,6.26,300.0,3.6503,CC,0,7.5,7.5
4.000,6.33,300.0,3.6520,CC,0,7.5,7.5
4.083,6.40,300.0,3.6537,CC,0,7.6,7.6
4.167,6.47,300.0,3.6553,CC,0,7.6,7.6
4.250,6.54,300.0,3.6570,CC,0,7.7,7.7
4.333,6.61,300.0,3.6587,CC,0,7.7,7.7
4.417,6.68,300.0,3.6603,CC,0,7.8,7.8
4.500,6.75,300.0,3.6620,CC,0,7.8,7.8
4.583,6.82,300.0,3.6637,CC,0,7.9,7.9
4.667,6.89,300.0,3.6653,CC,0,8.0,8.0
4.750,6.96,300.0,3.6670,CC,0,8.0,8.0
4.833,7.03,300.0,3.6687,CC,0,8.1,8.1
4.917,7.10,300.0,3.6703,CC,0,8.1,8.1
5.000,7.17,300.0,3.6720,CC,0,8.2,8.2
5.083,7.24,300.0,3.6737,CC,0,8.2,8.2
5.167,7.31,300.0,3.6753,CC,0,8.3,8.3
5.250,7.37,300.0,3.6770,CC,0,8.3,8.3
5.333,7.44,300.0,3.6787,CC,0,8.4,8.4
5.417,7.51,300.0,3.6803,CC,0,8.4,8.4
5.500,7.58,300.0,3.6820,CC,0,8.5,8.5
5.583,7.65,300.0,3.6837,CC,0,8.5,8.5
5.667,7.72,300.0,3.6853,CC,0,8.6,8.6
5.750,7.79,300.0,3.6870,CC,0,8.6,8.6
5.833,7.86,300.0,3.6887,CC,0,8.7,8.7
5.917,7.93,300.0,3.6903,CC,0,8.7,8.7
6.000,8.00,300.0,3.6920,CC,0,8.8,8.8
6.083,8.07,300.0,3.6937,CC,0,8.9,8.9
6.167,8.14,300.0,3.6953,CC,0,8.9,8.9
6.250,8.21,300.0,3.6970,CC,0,9.0,9.0
6.333,8.28,300.0,3.6987,CC,0,9.0,9.0
6.417,8.35,300.0,3.7003,CC,0,9.1,9.1
6.500,8.42,300.0,3.7020,CC,0,9.1,9.1
6.583,8.49,300.0,3.7037,CC,0,9.2,9.2
6.667,8.56,300.0,3.7053,CC,0,9.2,9.2
6.750,8.62,300.0,3.7070,CC,0,9.3,9.3
6.833,8.69,300.0,3.7087,CC,0,9.3,9.3
6.917,8.76,300.0,3.7103,CC,0,9.4,9.4
7.000,8.83,300.0,3.7120,CC,0,9.4,9.4
7.083,8.90,300.0,3.7137,CC,0,9.5,9.5
7.167,8.97,300.0,3.7153,CC,0,9.5,9.5
7.250,9.04,300.0,3.7170,CC,0,9.6,9.6
7.333,9.11,300.0,3.7187,CC,0,9.6,9.6
7.417,9.18,300.0,3.7203,CC,0,9.7,9.7
7.500,9.25,300.0,3.7220,CC,0,9.8,9.8
7.583,9.32,300.0,3.7237,CC,0,9.8,9.8
7.667,9.39,300.0,3.7253,CC,0,9.9,9.9
7.750,9.46,300.0,3.7270,CC,0,9.9,9.9
7.833,9.53,300.0,3.7287,CC,0,10.0,10.0
7.917,9.60,300.0,3.7303,CC,0,10.0,10.0
8.000,9.67,300.0,3.7320,CC,0,10.1,10.1
8.083,9.74,300.0,3.7337,CC,0,10.1,10.1
8.167,9.81,300.0,3.7353,CC,0,10.2,10.2
8.250,9.87,300.0,3.7370,CC,0,10.2,10.2
8.333,9.94,300.0,3.7387,CC,0,10.3,10.3
8.417,10.01,300.0,3.7401,CC,0,10.3,10.3
8.500,10.08,300.0,3.7408,CC,0,10.4,10.4
8.583,10.15,300.0,3.7415,CC,0,10.4,10.4
8.667,10.22,300.0,3.7422,CC,0,10.5,10.5
8.750,10.29,300.0,3.7429,CC,0,10.5,10.5
8.833,10.36,300.0,3.7436,CC,0,10.6,10.6
8.917,10.43,300.0,3.7443,CC,0,10.6,10.6
9.000,10.50,300.0,3.7450,CC,0,10.7,10.7
9.083,10.57,300.0,3.7457,CC,0,10.8,10.8
9.167,10.64,300.0,3.7464,CC,0,10.8,10.8
9.250,10.71,300.0,3.7471,CC,0,10.9,10.9
9.333,10.78,300.0,3.7478,CC,0,10.9,10.9
9.417,10.85,300.0,3.7485,CC,0,11.0,11.0
9.500,10.92,300.0,3.7492,CC,0,11.0,11.0
9.583,10.99,300.0,3.7499,CC,0,11.1,11.1
9.667,11.06,300.0,3.7506,CC,0,11.1,11.1
9.750,11.12,300.0,3.7512,CC,0,11.2,11.2
9.833,11.19,300.0,3.7519,CC,0,11.2,11.2
9.917,11.26,300.0,3.7526,CC,0,11.3,11.3
10.000,11.33,300.0,3.7533,CC,0,11.3,11.3
10.083,11.40,300.0,3.7540,CC,0,11.4,11.4
10.167,11.47,300.0,3.7547,CC,0,11.4,11.4
10.250,11.54,300.0,3.7554,CC,0,11.5,11.5
10.333,11.61,300.0,3.7561,CC,0,11.5,11.5
10.417,11.68,300.0,3.7568,CC,0,11.6,11.6
10.500,11.75,300.0,3.7575,CC,0,11.7,11.7
10.583,11.82,300.0,3.7582,CC,0,11.7,11.7
10.667,11.89,300.0,3.7589,CC,0,11.8,11.8
10.750,11.96,300.0,3.7596,CC,0,11.8,11.8
10.833,12.03,300.0,3.7603,CC,0,11.9,11.9
10.917,12.10,300.0,3.7610,CC,0,11.9,11.9
11.000,12.17,300.0,3.7617,CC,0,12.0,12.0
11.083,12.24,300.0,3.7624,CC,0,12.0,12.0
11.167,12.31,300.0,3.7631,CC,0,12.1,12.1
11.250,12.37,300.0,3.7637,CC,0,12.1,12.1
11.333,12.44,300.0,3.7644,CC,0,12.2,12.2
11.417,12.51,300.0,3.7651,CC,0,12.2,12.2
11.500,12.58,300.0,3.7658,CC,0,12.3,12.3
11.583,12.65,300.0,3.7665,CC,0,12.3,12.3
11.667,12.72,300.0,3.7672,CC,0,12.4,12.4
11.750,12.79,300.0,3.7679,CC,0,12.4,12.4
11.833,12.86,300.0,3.7686,CC,0,12.5,12.5
11.917,12.93,300.0,3.7693,CC,0,12.5,12.5
12.000,13.00,300.0,3.7700,CC,0,12.6,12.6
12.083,13.07,300.0,3.7707,CC,0,12.7,12.7
12.167,13.14,300.0,3.7714,CC,0,12.7,12.7
12.250,13.21,300.0,3.7721,CC,0,12.8,12.8
12.333,13.28,300.0,3.7728,CC,0,12.8,12.8
12.417,13.35,300.0,3.7735,CC,0,12.9,12.9
12.500,13.42,300.0,3.7742,CC,0,12.9,12.9
12.583,13.49,300.0,3.7749,CC,0,13.0,13.0
12.667,13.56,300.0,3.7756,CC,0,13.0,13.0
12.750,13.62,300.0,3.7763,CC,0,13.1,13.1
12.833,13.69,300.0,3.7769,CC,0,13.1,13.1
12.917,13.76,300.0,3.7776,CC,0,13.2,13.2
13.000,13.83,300.0,3.7783,CC,0,13.2,13.2
13.083,13.90,300.0,3.7790,CC,0,13.3,13.3
13.167,13.97,300.0,3.7797,CC,0,13.3,13.3
13.250,14.04,300.0,3.7804,CC,0,13.4,13.4
13.333,14.11,300.0,3.7811,CC,0,13.4,13.4
13.417,14.18,300.0,3.7818,CC,0,13.5,13.5
13.500,14.25,300.0,3.7825,CC,0,13.5,13.5
13.583,14.32,300.0,3.7832,CC,0,13.6,13.6
13.667,14.39,300.0,3.7839,CC,0,13.7,13.7
13.750,14.46,300.0,3.7846,CC,0,13.7,13.7
13.833,14.53,300.0,3.7853,CC,0,13.8,13.8
13.917,14.60,300.0,3.7860,CC,0,13.8,13.8
14.000,14.67,300.0,3.7867,CC,0,13.9,13.9
14.083,14.74,300.0,3.7874,CC,0,13.9,13.9
14.167,14.81,300.0,3.7881,CC,0,14.0,14.0
14.250,14.87,300.0,3.7887,CC,0,14.0,14.0
14.333,14.94,300.0,3.7894,CC,0,14.1,14.1
14.417,15.01,300.0,3.7901,CC,0,14.1,14.1
14.500,15.08,300.0,3.7908,CC,0,14.2,14.2
14.583,15.15,300.0,3.7915,CC,0,14.2,14.2
14.667,15.22,300.0,3.7922,CC,0,14.3,14.3
14.750,15.29,300.0,3.7929,CC,0,14.3,14.3
14.833,15.36,300.0,3.7936,CC,0,14.4,14.4
14.917,15.43,300.0,3.7943,CC,0,14.4,14.4
15.000,15.50,300.0,3.7950,CC,0,14.5,14.5
15.083,15.57,300.0,3.7957,CC,0,14.6,14.6
15.167,15.64,300.0,3.7964,CC,0,14.6,14.6
15.250,15.71,300.0,3.7971,CC,0,14.7,14.7
15.333,15.78,300.0,3.7978,CC,0,14.7,14.7
15.417,15.85,300.0,3.7985,CC,0,14.8,14.8
15.500,15.92,300.0,3.7992,CC,0,14.8,14.8
15.583,15.99,300.0,3.7999,CC,0,14.9,14.9
15.667,16.06,300.0,3.8006,CC,0,14.9,14.9
15.750,16.12,300.0,3.8013,CC,0,15.0,15.0
15.833,16.19,300.0,3.8019,CC,0,15.0,15.0
15.917,16.26,300.0,3.8026,CC,0,15.1,15.1
16.000,16.33,300.0,3.8033,CC,0,15.1,15.1
16.083,16.40,300.0,3.8040,CC,0,15.2,15.2
16.167,16.47,300.0,3.8047,CC,0,15.2,15.2
16.250,16.54,300.0,3.8054,CC,0,15.3,15.3
16.333,16.61,300.0,3.8061,CC,0,15.3,15.3
16.417,16.68,300.0,3.8068,CC,0,15.4,15.4
16.500,16.75,300.0,3.8075,CC,0,15.4,15.4
16.583,16.82,300.0,3.8082,CC,0,15.5,15.5
16.667,16.89,300.0,3.8089,CC,0,15.6,15.6
16.750,16.96,300.0,3.8096,CC,0,15.6,15.6
16.833,17.03,300.0,3.8103,CC,0,15.7,15.7
16.917,17.10,300.0,3.8110,CC,0,15.7,15.7
17.000,17.17,300.0,3.8117,CC,0,15.8,15.8
17.083,17.24,300.0,3.8124,CC,0,15.8,15.8
17.167,17.31,300.0,3.8131,CC,0,15.9,15.9
17.250,17.37,300.0,3.8137,CC,0,15.9,15.9
17.333,17.44,300.0,3.8144,CC,0,16.0,16.0
17.417,17.51,300.0,3.8151,CC,0,16.0,16.0
17.500,17.58,300.0,3.8158,CC,0,16.1,16.1
17.583,17.65,300.0,3.8165,CC,0,16.1,16.1
17.667,17.72,300.0,3.8172,CC,0,16.2,16.2
17.750,17.79,300.0,3.8179,CC,0,16.2,16.2
17.833,17.86,300.0,3.8186,CC,0,16.3,16.3
17.917,17.93,300.0,3.8193,CC,0,16.3,16.3
18.000,18.00,300.0,3.8200,CC,0,16.4,16.4
18.083,18.07,300.0,3.8207,CC,0,16.5,16.5
18.167,18.14,300.0,3.8214,CC,0,16.5,16.5
18.250,18.21,300.0,3.8221,CC,0,16.6,16.6
18.333,18.28,300.0,3.8228,CC,0,16.6,16.6
18.417,18.35,300.0,3.8235,CC,0,16.7,16.7
18.500,18.42,300.0,3.8242,CC,0,16.7,16.7
18.583,18.49,300.0,3.8249,CC,0,16.8,16.8
18.667,18.56,300.0,3.8256,CC,0,16.8,16.8
18.750,18.62,300.0,3.8262,CC,0,16.9,16.9
18.833,18.69,300.0,3.8269,CC,0,16.9,16.9
18.917,18.76,300.0,3.8276,CC,0,17.0,17.0
19.000,18.83,300.0,3.8283,CC,0,17.0,17.0
19.083,18.90,300.0,3.8290,CC,0,17.1,17.1
19.167,18.97,300.0,3.8297,CC,0,17.1,17.1
19.250,19.04,300.0,3.8304,CC,0,17.2,17.2
19.333,19.11,300.0,3.8311,CC,0,17.2,17.2
19.417,19.18,300.0,3.8318,CC,0,17.3,17.3
19.500,19.25,300.0,3.8325,CC,0,17.4,17.4
19.583,19.32,300.0,3.8332,CC,0,17.4,17.4
19.667,19.39,300.0,3.8339,CC,0,17.5,17.5
19.750,19.46,300.0,3.8346,CC,0,17.5,17.5
19.833,19.53,300.0,3.8353,CC,0,17.6,17.6
19.917,19.60,300.0,3.8360,CC,0,17.6,17.6
20.000,19.67,300.0,3.8367,CC,0,17.7,17.7
20.083,19.74,300.0,3.8374,CC,0,17.7,17.7
20.167,19.81,300.0,3.8381,CC,0,17.8,17.8
20.250,19.87,300.0,3.8387,CC,0,17.8,17.8
20.333,19.94,300.0,3.8394,CC,0,17.9,17.9
20.417,20.01,300.0,3.8401,CC,0,17.9,17.9
20.500,20.08,300.0,3.8403,CC,0,18.0,18.0
20.583,20.15,300.0,3.8406,CC,0,18.0,18.0
20.667,20.22,300.0,3.8409,CC,0,18.1,18.1
20.750,20.29,300.0,3.8412,CC,0,18.1,18.1
20.833,20.36,300.0,3.8414,CC,0,18.2,18.2
20.917,20.43,300.0,3.8417,CC,0,18.2,18.2
21.000,20.50,300.0,3.8420,CC,0,18.3,18.3
21.083,20.57,300.0,3.8423,CC,0,18.4,18.4
21.167,20.64,300.0,3.8426,CC,0,18.4,18.4
21.250,20.71,300.0,3.8428,CC,0,18.5,18.5
21.333,20.78,300.0,3.8431,CC,0,18.5,18.5
21.417,20.85,300.0,3.8434,CC,0,18.6,18.6
21.500,20.92,300.0,3.8437,CC,0,18.6,18.6
21.583,20.99,300.0,3.8439,CC,0,18.7,18.7
21.667,21.06,300.0,3.8442,CC,0,18.7,18.7
21.750,21.12,300.0,3.8445,CC,0,18.8,18.8
21.833,21.19,300.0,3.8448,CC,0,18.8,18.8
21.917,21.26,300.0,3.8451,CC,0,18.9,18.9
22.000,21.33,300.0,3.8453,CC,0,18.9,18.9
22.083,21.40,300.0,3.8456,CC,0,19.0,19.0
22.167,21.47,300.0,3.8459,CC,0,19.0,19.0
22.250,21.54,300.0,3.8462,CC,0,19.1,19.1
22.333,21.61,300.0,3.8464,CC,0,19.1,19.1
22.417,21.68,300.0,3.8467,CC,0,19.2,19.2
22.500,21.75,300.0,3.8470,CC,0,19.2,19.2
22.583,21.82,300.0,3.8473,CC,0,19.3,19.3
22.667,21.89,300.0,3.8476,CC,0,19.4,19.4
22.750,21.96,300.0,3.8478,CC,0,19.4,19.4
22.833,22.03,300.0,3.8481,CC,0,19.5,19.5
22.917,22.10,300.0,3.8484,CC,0,19.5,19.5
23.000,22.17,300.0,3.8487,CC,0,19.6,19.6
23.083,22.24,300.0,3.8489,CC,0,19.6,19.6
23.167,22.31,300.0,3.8492,CC,0,19.7,19.7
23.250,22.37,300.0,3.8495,CC,0,19.7,19.7
23.333,22.44,300.0,3.8498,CC,0,19.8,19.8
23.417,22.51,300.0,3.8501,CC,0,19.8,19.8
23.500,22.58,300.0,3.8503,CC,0,19.9,19.9
23.583,22.65,300.0,3.8506,CC,0,19.9,19.9
23.667,22.72,300.0,3.8509,CC,0,20.0,20.0
23.750,22.79,300.0,3.8512,CC,0,20.0,20.0
23.833,22.86,300.0,3.8514,CC,0,20.1,20.1
23.917,22.93,300.0,3.8517,CC,0,20.1,20.1
24.000,23.00,300.0,3.8520,CC,0,20.2,20.2
24.083,23.07,300.0,3.8523,CC,0,20.3,20.3
24.167,23.14,300.0,3.8526,CC,0,20.3,20.3
24.250,23.21,300.0,3.8528,CC,0,20.4,20.4
24.333,23.28,300.0,3.8531,CC,0,20.4,20.4
24.417,23.35,300.0,3.8534,CC,0,20.5,20.5
24.500,23.42,300.0,3.8537,CC,0,20.5,20.5
24.583,23.49,300.0,3.8539,CC,0,20.6,20.6
24.667,23.56,300.0,3.8542,CC,0,20.6,20.6
24.750,23.62,300.0,3.8545,CC,0,20.7,20.7
24.833,23.69,300.0,3.8548,CC,0,20.7,20.7
24.917,23.76,300.0,3.8551,CC,0,20.8,20.8
25.000,23.83,300.0,3.8553,CC,0,20.8,20.8
25.083,23.90,300.0,3.8556,CC,0,20.9,20.9
25.167,23.97,300.0,3.8559,CC,0,20.9,20.9
25.250,24.04,300.0,3.8562,CC,0,21.0,21.0
25.333,24.11,300.0,3.8564,CC,0,21.0,21.0
25.417,24.18,300.0,3.8567,CC,0,21.1,21.1
25.500,24.25,300.0,3.8570,CC,0,21.2,21.2
25.583,24.32,300.0,3.8573,CC,0,21.2,21.2
25.667,24.39,300.0,3.8576,CC,0,21.3,21.3
25.750,24.46,300.0,3.8578,CC,0,21.3,21.3
25.833,24.53,300.0,3.8581,CC,0,21.4,21.4
25.917,24.60,300.0,3.8584,CC,0,21.4,21.4
26.000,24.67,300.0,3.8587,CC,0,21.5,21.5
26.083,24.74,300.0,3.8589,CC,0,21.5,21.5
26.167,24.81,300.0,3.8592,CC,0,21.6,21.6
26.250,24.87,300.0,3.8595,CC,0,21.6,21.6
26.333,24.94,300.0,3.8598,CC,0,21.7,21.7
26.417,25.01,300.0,3.8601,CC,0,21.7,21.7
26.500,25.08,300.0,3.8603,CC,0,21.8,21.8
26.583,25.15,300.0,3.8606,CC,0,21.8,21.8
26.667,25.22,300.0,3.8609,CC,0,21.9,21.9
26.750,25.29,300.0,3.8612,CC,0,21.9,21.9
26.833,25.36,300.0,3.8614,CC,0,22.0,22.0
26.917,25.43,300.0,3.8617,CC,0,22.0,22.0
27.000,25.50,300.0,3.8620,CC,0,22.1,22.1
27.083,25.57,300.0,3.8623,CC,0,22.2,22.2
27.167,25.64,300.0,3.8626,CC,0,22.2,22.2
27.250,25.71,300.0,3.8628,CC,0,22.3,22.3
27.333,25.78,300.0,3.8631,CC,0,22.3,22.3
27.417,25.85,300.0,3.8634,CC,0,22.4,22.4
27.500,25.92,300.0,3.8637,CC,0,22.4,22.4
27.583,25.99,300.0,3.8639,CC,0,22.5,22.5
27.667,26.06,300.0,3.8642,CC,0,22.5,22.5
27.750,26.12,300.0,3.8645,CC,0,22.6,22.6
27.833,26.19,300.0,3.8648,CC,0,22.6,22.6
27.917,26.26,300.0,3.8651,CC,0,22.7,22.7
28.000,26.33,300.0,3.8653,CC,0,22.7,22.7
28.083,26.40,300.0,3.8656,CC,0,22.8,22.8
28.167,26.47,300.0,3.8659,CC,0,22.8,22.8
28.250,26.54,300.0,3.8662,CC,0,22.9,22.9
28.333,26.61,300.0,3.8664,CC,0,22.9,22.9
28.417,26.68,300.0,3.8667,CC,0,23.0,23.0
28.500,26.75,300.0,3.8670,CC,0,23.1,23.1
28.583,26.82,300.0,3.8673,CC,0,23.1,23.1
28.667,26.89,300.0,3.8676,CC,0,23.2,23.2
28.750,26.96,300.0,3.8678,CC,0,23.2,23.2
28.833,27.03,300.0,3.8681,CC,0,23.3,23.3
28.917,27.10,300.0,3.8684,CC,0,23.3,23.3
29.000,27.17,300.0,3.8687,CC,0,23.4,23.4
29.083,27.24,300.0,3.8689,CC,0,23.4,23.4
29.167,27.31,300.0,3.8692,CC,0,23.5,23.5
29.250,27.37,300.0,3.8695,CC,0,23.5,23.5
29.333,27.44,300.0,3.8698,CC,0,23.6,23.6
29.417,27.51,300.0,3.8701,CC,0,23.6,23.6
29.500,27.58,300.0,3.8703,CC,0,23.7,23.7
29.583,27.65,300.0,3.8706,CC,0,23.7,23.7
29.667,27.72,300.0,3.8709,CC,0,23.8,23.8
29.750,27.79,300.0,3.8712,CC,0,23.8,23.8
29.833,27.86,300.0,3.8714,CC,0,23.9,23.9
29.917,27.93,300.0,3.8717,CC,0,23.9,23.9
30.000,28.00,300.0,3.8720,CC,0,24.0,24.0
30.083,28.07,300.0,3.8723,CC,0,24.1,24.1
30.167,28.14,300.0,3.8726,CC,0,24.1,24.1
30.250,28.21,300.0,3.8728,CC,0,24.2,24.2
30.333,28.28,300.0,3.8731,CC,0,24.2,24.2
30.417,28.35,300.0,3.8734,CC,0,24.3,24.3
30.500,28.42,300.0,3.8737,CC,0,24.3,24.3
30.583,28.49,300.0,3.8739,CC,0,24.4,24.4
30.667,28.56,300.0,3.8742,CC,0,24.4,24.4
30.750,28.62,300.0,3.8745,CC,0,24.5,24.5
30.833,28.69,300.0,3.8748,CC,0,24.5,24.5
30.917,28.76,300.0,3.8751,CC,0,24.6,24.6
31.000,28.83,300.0,3.8753,CC,0,24.6,24.6
31.083,28.90,300.0,3.8756,CC,0,24.7,24.7
31.167,28.97,300.0,3.8759,CC,0,24.7,24.7
31.250,29.04,300.0,3.8762,CC,0,24.8,24.8
31.333,29.11,300.0,3.8764,CC,0,24.8,24.8
31.417,29.18,300.0,3.8767,CC,0,24.9,24.9
31.500,29.25,300.0,3.8770,CC,0,24.9,24.9
31.583,29.32,300.0,3.8773,CC,0,25.0,25.0
31.667,29.39,300.0,3.8776,CC,0,25.1,25.1
31.750,29.46,300.0,3.8778,CC,0,25.1,25.1
31.833,29.53,300.0,3.8781,CC,0,25.2,25.2
31.917,29.60,300.0,3.8784,CC,0,25.2,25.2
32.000,29.67,300.0,3.8787,CC,0,25.3,25.3
32.083,29.74,300.0,3.8789,CC,0,25.3,25.3
32.167,29.81,300.0,3.8792,CC,0,25.4,25.4
32.250,29.87,300.0,3.8795,CC,0,25.4,25.4
32.333,29.94,300.0,3.8798,CC,0,25.5,25.5
32.417,30.01,300.0,3.8801,CC,0,25.5,25.5
32.500,30.08,300.0,3.8803,CC,0,25.6,25.6
32.583,30.15,300.0,3.8806,CC,0,25.6,25.6
32.667,30.22,300.0,3.8809,CC,0,25.7,25.7
32.750,30.29,300.0,3.8812,CC,0,25.7,25.7
32.833,30.36,300.0,3.8814,CC,0,25.8,25.8
32.917,30.43,300.0,3.8817,CC,0,25.8,25.8
33.000,30.50,300.0,3.8820,CC,0,25.9,25.9
33.083,30.57,300.0,3.8823,CC,0,26.0,26.0
33.167,30.64,300.0,3.8826,CC,0,26.0,26.0
33.250,30.71,300.0,3.8828,CC,0,26.1,26.1
33.333,30.78,300.0,3.8831,CC,0,26.1,26.1
33.417,30.85,300.0,3.8834,CC,0,26.2,26.2
33.500,30.92,300.0,3.8837,CC,0,26.2,26.2
33.583,30.99,300.0,3.8839,CC,0,26.3,26.3
33.667,31.06,300.0,3.8842,CC,0,26.3,26.3
33.750,31.12,300.0,3.8845,CC,0,26.4,26.4
33.833,31.19,300.0,3.8848,CC,0,26.4,26.4
33.917,31.26,300.0,3.8851,CC,0,26.5,26.5
34.000,31.33,300.0,3.8853,CC,0,26.5,26.5
34.083,31.40,300.0,3.8856,CC,0,26.6,26.6
34.167,31.47,300.0,3.8859,CC,0,26.6,26.6
34.250,31.54,300.0,3.8862,CC,0,26.7,26.7
34.333,31.61,300.0,3.8864,CC,0,26.7,26.7
34.417,31.68,300.0,3.8867,CC,0,26.8,26.8
34.500,31.75,300.0,3.8870,CC,0,26.9,26.9
34.583,31.82,300.0,3.8873,CC,0,26.9,26.9
34.667,31.89,300.0,3.8876,CC,0,27.0,27.0
34.750,31.96,300.0,3.8878,CC,0,27.0,27.0
34.833,32.03,300.0,3.8881,CC,0,27.1,27.1
34.917,32.10,300.0,3.8884,CC,0,27.1,27.1
35.000,32.17,300.0,3.8887,CC,0,27.2,27.2
35.083,32.24,300.0,3.8889,CC,0,27.2,27.2
35.167,32.31,300.0,3.8892,CC,0,27.3,27.3
35.250,32.37,300.0,3.8895,CC,0,27.3,27.3
35.333,32.44,300.0,3.8898,CC,0,27.4,27.4
35.417,32.51,300.0,3.8901,CC,0,27.4,27.4
35.500,32.58,300.0,3.8903,CC,0,27.5,27.5
35.583,32.65,300.0,3.8906,CC,0,27.5,27.5
35.667,32.72,300.0,3.8909,CC,0,27.6,27.6
35.750,32.79,300.0,3.8912,CC,0,27.6,27.6
35.833,32.86,300.0,3.8914,CC,0,27.7,27.7
35.917,32.93,300.0,3.8917,CC,0,27.7,27.7
36.000,33.00,300.0,3.8920,CC,0,27.8,27.8
36.083,33.07,300.0,3.8923,CC,0,27.9,27.9
36.167,33.14,300.0,3.8926,CC,0,27.9,27.9
36.250,33.21,300.0,3.8928,CC,0,28.0,28.0
36.333,33.28,300.0,3.8931,CC,0,28.0,28.0
36.417,33.35,300.0,3.8934,CC,0,28.1,28.1
36.500,33.42,300.0,3.8937,CC,0,28.1,28.1
36.583,33.49,300.0,3.8939,CC,0,28.2,28.2
36.667,33.56,300.0,3.8942,CC,0,28.2,28.2
36.750,33.62,300.0,3.8945,CC,0,28.3,28.3
36.833,33.69,300.0,3.8948,CC,0,28.3,28.3
36.917,33.76,300.0,3.8951,CC,0,28.4,28.4
37.000,33.83,300.0,3.8953,CC,0,28.4,28.4
37.083,33.90,300.0,3.8956,CC,0,28.5,28.5
37.167,33.97,300.0,3.8959,CC,0,28.5,28.5
37.250,34.04,300.0,3.8962,CC,0,28.6,28.6
37.333,34.11,300.0,3.8964,CC,0,28.6,28.6
37.417,34.18,300.0,3.8967,CC,0,28.7,28.7
37.500,34.25,300.0,3.8970,CC,0,28.8,28.8
37.583,34.32,300.0,3.8973,CC,0,28.8,28.8
37.667,34.39,300.0,3.8976,CC,0,28.9,28.9
37.750,34.46,300.0,3.8978,CC,0,28.9,28.9
37.833,34.53,300.0,3.8981,CC,0,29.0,29.0
37.917,34.60,300.0,3.8984,CC,0,29.0,29.0
38.000,34.67,300.0,3.8987,CC,0,29.1,29.1
38.083,34.74,300.0,3.8989,CC,0,29.1,29.1
38.167,34.81,300.0,3.8992,CC,0,29.2,29.2
38.250,34.87,300.0,3.8995,CC,0,29.2,29.2
38.333,34.94,300.0,3.8998,CC,0,29.3,29.3
38.417,35.01,300.0,3.9001,CC,0,29.3,29.3
38.500,35.08,300.0,3.9003,CC,0,29.4,29.4
38.583,35.15,300.0,3.9006,CC,0,29.4,29.4
38.667,35.22,300.0,3.9009,CC,0,29.5,29.5
38.750,35.29,300.0,3.9012,CC,0,29.5,29.5
38.833,35.36,300.0,3.9014,CC,0,29.6,29.6
38.917,35.43,300.0,3.9017,CC,0,29.6,29.6
39.000,35.50,300.0,3.9020,CC,0,29.7,29.7
39.083,35.57,300.0,3.9023,CC,0,29.8,29.8
39.167,35.64,300.0,3.9026,CC,0,29.8,29.8
39.250,35.71,300.0,3.9028,CC,0,29.9,29.9
39.333,35.78,300.0,3.9031,CC,0,29.9,29.9
39.417,35.85,300.0,3.9034,CC,0,30.0,30.0
39.500,35.92,300.0,3.9037,CC,0,30.0,30.0
39.583,35.99,300.0,3.9039,CC,0,30.1,30.1
39.667,36.06,300.0,3.9042,CC,0,30.1,30.1
39.750,36.12,300.0,3.9045,CC,0,30.2,30.2
39.833,36.19,300.0,3.9048,CC,0,30.2,30.2
39.917,36.26,300.0,3.9051,CC,0,30.3,30.3
40.000,36.33,300.0,3.9053,CC,0,30.3,30.3
40.083,36.40,300.0,3.9056,CC,0,30.4,30.4
40.167,36.47,300.0,3.9059,CC,0,30.4,30.4
40.250,36.54,300.0,3.9062,CC,0,30.5,30.5
40.333,36.61,300.0,3.9064,CC,0,30.5,30.5
40.417,36.68,300.0,3.9067,CC,0,30.6,30.6
40.500,36.75,300.0,3.9070,CC,0,30.7,30.7
40.583,36.82,300.0,3.9073,CC,0,30.7,30.7
40.667,36.89,300.0,3.9076,CC,0,30.8,30.8
40.750,36.96,300.0,3.9078,CC,0,30.8,30.8
40.833,37.03,300.0,3.9081,CC,0,30.9,30.9
40.917,37.10,300.0,3.9084,CC,0,30.9,30.9
41.000,37.17,300.0,3.9087,CC,0,31.0,31.0
41.083,37.24,300.0,3.9089,CC,0,31.0,31.0
41.167,37.31,300.0,3.9092,CC,0,31.1,31.1
41.250,37.37,300.0,3.9095,CC,0,31.1,31.1
41.333,37.44,300.0,3.9098,CC,0,31.2,31.2
41.417,37.51,300.0,3.9101,CC,0,31.2,31.2
41.500,37.58,300.0,3.9103,CC,0,31.3,31.3
41.583,37.65,300.0,3.9106,CC,0,31.3,31.3
41.667,37.72,300.0,3.9109,CC,0,31.4,31.4
41.750,37.79,300.0,3.9112,CC,0,31.4,31.4
41.833,37.86,300.0,3.9114,CC,0,31.5,31.5
41.917,37.93,300.0,3.9117,CC,0,31.5,31.5
42.000,38.00,300.0,3.9120,CC,0,31.6,31.6
42.083,38.07,300.0,3.9123,CC,0,31.7,31.7
42.167,38.14,300.0,3.9126,CC,0,31.7,31.7
42.250,38.21,300.0,3.9128,CC,0,31.8,31.8
42.333,38.28,300.0,3.9131,CC,0,31.8,31.8
42.417,38.35,300.0,3.9134,CC,0,31.9,31.9
42.500,38.42,300.0,3.9137,CC,0,31.9,31.9
42.583,38.49,300.0,3.9139,CC,0,32.0,32.0
42.667,38.56,300.0,3.9142,CC,0,32.0,32.0
42.750,38.62,300.0,3.9145,CC,0,32.1,32.1
42.833,38.69,300.0,3.9148,CC,0,32.1,32.1
42.917,38.76,300.0,3.9151,CC,0,32.2,32.2
43.000,38.83,300.0,3.9153,CC,0,32.2,32.2
43.083,38.90,300.0,3.9156,CC,0,32.3,32.3
43.167,38.97,300.0,3.9159,CC,0,32.3,32.3
43.250,39.04,300.0,3.9162,CC,0,32.4,32.4
43.333,39.11,300.0,3.9164,CC,0,32.4,32.4
43.417,39.18,300.0,3.9167,CC,0,32.5,32.5
43.500,39.25,300.0,3.9170,CC,0,32.5,32.5
43.583,39.32,300.0,3.9173,CC,0,32.6,32.6
43.667,39.39,300.0,3.9176,CC,0,32.7,32.7
43.750,39.46,300.0,3.9178,CC,0,32.7,32.7
43.833,39.53,300.0,3.9181,CC,0,32.8,32.8
43.917,39.60,300.0,3.9184,CC,0,32.8,32.8
44.000,39.67,300.0,3.9187,CC,0,32.9,32.9
44.083,39.74,300.0,3.9189,CC,0,32.9,32.9
44.167,39.81,300.0,3.9192,CC,0,33.0,33.0
44.250,39.87,300.0,3.9195,CC,0,33.0,33.0
44.333,39.94,300.0,3.9198,CC,0,33.1,33.1
44.417,40.01,300.0,3.9201,CC,0,33.1,33.1
44.500,40.08,300.0,3.9204,CC,0,33.2,33.2
44.583,40.15,300.0,3.9208,CC,0,33.2,33.2
44.667,40.22,300.0,3.9211,CC,0,33.3,33.3
44.750,40.29,300.0,3.9215,CC,0,33.3,33.3
44.833,40.36,300.0,3.9218,CC,0,33.4,33.4
44.917,40.43,300.0,3.9222,CC,0,33.4,33.4
45.000,40.50,300.0,3.9225,CC,0,33.5,33.5
45.083,40.57,300.0,3.9228,CC,0,33.6,33.6
45.167,40.64,300.0,3.9232,CC,0,33.6,33.6
45.250,40.71,300.0,3.9235,CC,0,33.7,33.7
45.333,40.78,300.0,3.9239,CC,0,33.7,33.7
45.417,40.85,300.0,3.9242,CC,0,33.8,33.8
45.500,40.92,300.0,3.9246,CC,0,33.8,33.8
45.583,40.99,300.0,3.9249,CC,0,33.9,33.9
45.667,41.06,300.0,3.9253,CC,0,33.9,33.9
45.750,41.12,300.0,3.9256,CC,0,34.0,34.0
45.833,41.19,300.0,3.9260,CC,0,34.0,34.0
45.917,41.26,300.0,3.9263,CC,0,34.1,34.1
46.000,41.33,300.0,3.9267,CC,0,34.1,34.1
46.083,41.40,300.0,3.9270,CC,0,34.2,34.2
46.167,41.47,300.0,3.9274,CC,0,34.2,34.2
46.250,41.54,300.0,3.9277,CC,0,34.3,34.3
46.333,41.61,300.0,3.9281,CC,0,34.3,34.3
46.417,41.68,300.0,3.9284,CC,0,34.4,34.4
46.500,41.75,300.0,3.9287,CC,0,34.5,34.5
46.583,41.82,300.0,3.9291,CC,0,34.5,34.5
46.667,41.89,300.0,3.9294,CC,0,34.6,34.6
46.750,41.96,300.0,3.9298,CC,0,34.6,34.6
46.833,42.03,300.0,3.9301,CC,0,34.7,34.7
46.917,42.10,300.0,3.9305,CC,0,34.7,34.7
47.000,42.17,300.0,3.9308,CC,0,34.8,34.8
47.083,42.24,300.0,3.9312,CC,0,34.8,34.8
47.167,42.31,300.0,3.9315,CC,0,34.9,34.9
47.250,42.37,300.0,3.9319,CC,0,34.9,34.9
47.333,42.44,300.0,3.9322,CC,0,35.0,35.0
47.417,42.51,300.0,3.9326,CC,0,35.0,35.0
47.500,42.58,300.0,3.9329,CC,0,35.1,35.1
47.583,42.65,300.0,3.9333,CC,0,35.1,35.1
47.667,42.72,300.0,3.9336,CC,0,35.2,35.2
47.750,42.79,300.0,3.9340,CC,0,35.2,35.2
47.833,42.86,300.0,3.9343,CC,0,35.3,35.3
47.917,42.93,300.0,3.9347,CC,0,35.3,35.3
48.000,43.00,300.0,3.9350,CC,0,35.4,35.4
48.083,43.07,300.0,3.9353,CC,0,35.5,35.5
48.167,43.14,300.0,3.9357,CC,0,35.5,35.5
48.250,43.21,300.0,3.9360,CC,0,35.6,35.6
48.333,43.28,300.0,3.9364,CC,0,35.6,35.6
48.417,43.35,300.0,3.9367,CC,0,35.7,35.7
48.500,43.42,300.0,3.9371,CC,0,35.7,35.7
48.583,43.49,300.0,3.9374,CC,0,35.8,35.8
48.667,43.56,300.0,3.9378,CC,0,35.8,35.8
48.750,43.62,300.0,3.9381,CC,0,35.9,35.9
48.833,43.69,300.0,3.9385,CC,0,35.9,35.9
48.917,43.76,300.0,3.9388,CC,0,36.0,36.0
49.000,43.83,300.0,3.9392,CC,0,36.0,36.0
49.083,43.90,300.0,3.9395,CC,0,36.1,36.1
49.167,43.97,300.0,3.9399,CC,0,36.1,36.1
49.250,44.04,300.0,3.9402,CC,0,36.2,36.2
49.333,44.11,300.0,3.9406,CC,0,36.2,36.2
49.417,44.18,300.0,3.9409,CC,0,36.3,36.3
49.500,44.25,300.0,3.9412,CC,0,36.4,36.4
49.583,44.32,300.0,3.9416,CC,0,36.4,36.4
49.667,44.39,300.0,3.9419,CC,0,36.5,36.5
49.750,44.46,300.0,3.9423,CC,0,36.5,36.5
49.833,44.53,300.0,3.9426,CC,0,36.6,36.6
49.917,44.60,300.0,3.9430,CC,0,36.6,36.6
50.000,44.67,300.0,3.9433,CC,0,36.7,36.7
50.083,44.74,300.0,3.9437,CC,0,36.7,36.7
50.167,44.81,300.0,3.9440,CC,0,36.8,36.8
50.250,44.87,300.0,3.9444,CC,0,36.8,36.8
50.333,44.94,300.0,3.9447,CC,0,36.9,36.9
50.417,45.01,300.0,3.9451,CC,0,36.9,36.9
50.500,45.08,300.0,3.9454,CC,0,37.0,37.0
50.583,45.15,300.0,3.9458,CC,0,37.0,37.0
50.667,45.22,300.0,3.9461,CC,0,37.1,37.1
50.750,45.29,300.0,3.9465,CC,0,37.1,37.1
50.833,45.36,300.0,3.9468,CC,0,37.2,37.2
50.917,45.43,300.0,3.9472,CC,0,37.2,37.2
51.000,45.50,300.0,3.9475,CC,0,37.3,37.3
51.083,45.57,300.0,3.9478,CC,0,37.4,37.4
51.167,45.64,300.0,3.9482,CC,0,37.4,37.4
51.250,45.71,300.0,3.9485,CC,0,37.5,37.5
51.333,45.78,300.0,3.9489,CC,0,37.5,37.5
51.417,45.85,300.0,3.9492,CC,0,37.6,37.6
51.500,45.92,300.0,3.9496,CC,0,37.6,37.6
51.583,45.99,300.0,3.9499,CC,0,37.7,37.7
51.667,46.06,300.0,3.9503,CC,0,37.7,37.7
51.750,46.12,300.0,3.9506,CC,0,37.8,37.8
51.833,46.19,300.0,3.9510,CC,0,37.8,37.8
51.917,46.26,300.0,3.9513,CC,0,37.9,37.9
52.000,46.33,300.0,3.9517,CC,0,37.9,37.9
52.083,46.40,300.0,3.9520,CC,0,38.0,38.0
52.167,46.47,300.0,3.9524,CC,0,38.0,38.0
52.250,46.54,300.0,3.9527,CC,0,38.1,38.1
52.333,46.61,300.0,3.9531,CC,0,38.1,38.1
52.417,46.68,300.0,3.9534,CC,0,38.2,38.2
52.500,46.75,300.0,3.9537,CC,0,38.2,38.2
52.583,46.82,300.0,3.9541,CC,0,38.3,38.3
52.667,46.89,300.0,3.9544,CC,0,38.4,38.4
52.750,46.96,300.0,3.9548,CC,0,38.4,38.4
52.833,47.03,300.0,3.9551,CC,0,38.5,38.5
52.917,47.10,300.0,3.9555,CC,0,38.5,38.5
53.000,47.17,300.0,3.9558,CC,0,38.6,38.6
53.083,47.24,300.0,3.9562,CC,0,38.6,38.6
53.167,47.31,300.0,3.9565,CC,0,38.7,38.7
53.250,47.37,300.0,3.9569,CC,0,38.7,38.7
53.333,47.44,300.0,3.9572,CC,0,38.8,38.8
53.417,47.51,300.0,3.9576,CC,0,38.8,38.8
53.500,47.58,300.0,3.9579,CC,0,38.9,38.9
53.583,47.65,300.0,3.9583,CC,0,38.9,38.9
53.667,47.72,300.0,3.9586,CC,0,39.0,39.0
53.750,47.79,300.0,3.9590,CC,0,39.0,39.0
53.833,47.86,300.0,3.9593,CC,0,39.1,39.1
53.917,47.93,300.0,3.9597,CC,0,39.1,39.1
54.000,48.00,300.0,3.9600,CC,0,39.2,39.2
54.083,48.07,300.0,3.9603,CC,0,39.3,39.3
54.167,48.14,300.0,3.9607,CC,0,39.3,39.3
54.250,48.21,300.0,3.9610,CC,0,39.4,39.4
54.333,48.28,300.0,3.9614,CC,0,39.4,39.4
54.417,48.35,300.0,3.9617,CC,0,39.5,39.5
54.500,48.42,300.0,3.9621,CC,0,39.5,39.5
54.583,48.49,300.0,3.9624,CC,0,39.6,39.6
54.667,48.56,300.0,3.9628,CC,0,39.6,39.6
54.750,48.62,300.0,3.9631,CC,0,39.7,39.7
54.833,48.69,300.0,3.9635,CC,0,39.7,39.7
54.917,48.76,300.0,3.9638,CC,0,39.8,39.8
55.000,48.83,300.0,3.9642,CC,0,39.8,39.8
55.083,48.90,300.0,3.9645,CC,0,39.9,39.9
55.167,48.97,300.0,3.9649,CC,0,39.9,39.9
55.250,49.04,300.0,3.9652,CC,0,40.0,40.0
55.333,49.11,300.0,3.9656,CC,0,40.0,40.0
55.417,49.18,300.0,3.9659,CC,0,40.1,40.1
55.500,49.25,300.0,3.9662,CC,0,40.1,40.1
55.583,49.32,300.0,3.9666,CC,0,40.2,40.2
55.667,49.39,300.0,3.9669,CC,0,40.3,40.3
55.750,49.46,300.0,3.9673,CC,0,40.3,40.3
55.833,49.53,300.0,3.9676,CC,0,40.4,40.4
55.917,49.60,300.0,3.9680,CC,0,40.4,40.4
56.000,49.67,300.0,3.9683,CC,0,40.5,40.5
56.083,49.74,300.0,3.9687,CC,0,40.5,40.5
56.167,49.81,300.0,3.9690,CC,0,40.6,40.6
56.250,49.87,300.0,3.9694,CC,0,40.6,40.6
56.333,49.94,300.0,3.9697,CC,0,40.7,40.7
56.417,50.01,300.0,3.9701,CC,0,40.7,40.7
56.500,50.08,300.0,3.9704,CC,0,40.8,40.8
56.583,50.15,300.0,3.9708,CC,0,40.8,40.8
56.667,50.22,300.0,3.9711,CC,0,40.9,40.9
56.750,50.29,300.0,3.9715,CC,0,40.9,40.9
56.833,50.36,300.0,3.9718,CC,0,41.0,41.0
56.917,50.43,300.0,3.9722,CC,0,41.0,41.0
57.000,50.50,300.0,3.9725,CC,0,41.1,41.1
57.083,50.57,300.0,3.9728,CC,0,41.2,41.2
57.167,50.64,300.0,3.9732,CC,0,41.2,41.2
57.250,50.71,300.0,3.9735,CC,0,41.3,41.3
57.333,50.78,300.0,3.9739,CC,0,41.3,41.3
57.417,50.85,300.0,3.9742,CC,0,41.4,41.4
57.500,50.92,300.0,3.9746,CC,0,41.4,41.4
57.583,50.99,300.0,3.9749,CC,0,41.5,41.5
57.667,51.06,300.0,3.9753,CC,0,41.5,41.5
57.750,51.12,300.0,3.9756,CC,0,41.6,41.6
57.833,51.19,300.0,3.9760,CC,0,41.6,41.6
57.917,51.26,300.0,3.9763,CC,0,41.7,41.7
58.000,51.33,300.0,3.9767,CC,0,41.7,41.7
58.083,51.40,300.0,3.9770,CC,0,41.8,41.8
58.167,51.47,300.0,3.9774,CC,0,41.8,41.8
58.250,51.54,300.0,3.9777,CC,0,41.9,41.9
58.333,51.61,300.0,3.9781,CC,0,41.9,41.9
58.417,51.68,300.0,3.9784,CC,0,42.0,42.0
58.500,51.75,300.0,3.9787,CC,0,42.1,42.1
58.583,51.82,300.0,3.9791,CC,0,42.1,42.1
58.667,51.89,300.0,3.9794,CC,0,42.2,42.2
58.750,51.96,300.0,3.9798,CC,0,42.2,42.2
58.833,52.03,300.0,3.9801,CC,0,42.3,42.3
58.917,52.10,300.0,3.9805,CC,0,42.3,42.3
59.000,52.17,300.0,3.9808,CC,0,42.4,42.4
59.083,52.24,300.0,3.9812,CC,0,42.4,42.4
59.167,52.31,300.0,3.9815,CC,0,42.5,42.5
59.250,52.37,300.0,3.9819,CC,0,42.5,42.5
59.333,52.44,300.0,3.9822,CC,0,42.6,42.6
59.417,52.51,300.0,3.9826,CC,0,42.6,42.6
59.500,52.58,300.0,3.9829,CC,0,42.7,42.7
59.583,52.65,300.0,3.9833,CC,0,42.7,42.7
59.667,52.72,300.0,3.9836,CC,0,42.8,42.8
59.750,52.79,300.0,3.9840,CC,0,42.8,42.8
59.833,52.86,300.0,3.9843,CC,0,42.9,42.9
59.917,52.93,300.0,3.9847,CC,0,42.9,42.9
60.000,53.00,300.0,3.9850,CC,0,43.0,43.0
60.083,53.07,300.0,3.9853,CC,0,43.1,43.1
60.167,53.14,300.0,3.9857,CC,0,43.1,43.1
60.250,53.21,300.0,3.9860,CC,0,43.2,43.2
60.333,53.28,300.0,3.9864,CC,0,43.2,43.2
60.417,53.35,300.0,3.9867,CC,0,43.3,43.3
60.500,53.42,300.0,3.9871,CC,0,43.3,43.3
60.583,53.49,300.0,3.9874,CC,0,43.4,43.4
60.667,53.56,300.0,3.9878,CC,0,43.4,43.4
60.750,53.62,300.0,3.9881,CC,0,43.5,43.5
60.833,53.69,300.0,3.9885,CC,0,43.5,43.5
60.917,53.76,300.0,3.9888,CC,0,43.6,43.6
61.000,53.83,300.0,3.9892,CC,0,43.6,43.6
61.083,53.90,300.0,3.9895,CC,0,43.7,43.7
61.167,53.97,300.0,3.9899,CC,0,43.7,43.7
61.250,54.04,300.0,3.9902,CC,0,43.8,43.8
61.333,54.11,300.0,3.9906,CC,0,43.8,43.8
61.417,54.18,300.0,3.9909,CC,0,43.9,43.9
61.500,54.25,300.0,3.9912,CC,0,43.9,43.9
61.583,54.32,300.0,3.9916,CC,0,44.0,44.0
61.667,54.39,300.0,3.9919,CC,0,44.1,44.1
61.750,54.46,300.0,3.9923,CC,0,44.1,44.1
61.833,54.53,300.0,3.9926,CC,0,44.2,44.2
61.917,54.60,300.0,3.9930,CC,0,44.2,44.2
62.000,54.67,300.0,3.9933,CC,0,44.3,44.3
62.083,54.74,300.0,3.9937,CC,0,44.3,44.3
62.167,54.81,300.0,3.9940,CC,0,44.4,44.4
62.250,54.87,300.0,3.9944,CC,0,44.4,44.4
62.333,54.94,300.0,3.9947,CC,0,44.5,44.5
62.417,55.01,300.0,3.9951,CC,0,44.5,44.5
62.500,55.08,300.0,3.9954,CC,0,44.6,44.6
62.583,55.15,300.0,3.9958,CC,0,44.6,44.6
62.667,55.22,300.0,3.9961,CC,0,44.7,44.7
62.750,55.29,300.0,3.9965,CC,0,44.7,44.7
62.833,55.36,300.0,3.9968,CC,0,44.8,44.8
62.917,55.43,300.0,3.9972,CC,0,44.8,44.8
63.000,55.50,300.0,3.9975,CC,0,44.9,44.9
63.083,55.57,300.0,3.9978,CC,0,45.0,45.0
63.167,55.64,300.0,3.9982,CC,0,45.0,45.0
63.250,55.71,300.0,3.9985,CC,0,45.1,45.1
63.333,55.78,300.0,3.9989,CC,0,45.1,45.1
63.417,55.85,300.0,3.9992,CC,0,45.2,45.2
63.500,55.92,300.0,3.9996,CC,0,45.2,45.2
63.583,55.99,300.0,3.9999,CC,0,45.3,45.3
63.667,56.06,300.0,4.0003,CC,0,45.3,45.3
63.750,56.12,300.0,4.0006,CC,0,45.4,45.4
63.833,56.19,300.0,4.0010,CC,0,45.4,45.4
63.917,56.26,300.0,4.0013,CC,0,45.5,45.5
64.000,56.33,300.0,4.0017,CC,0,45.5,45.5
64.083,56.40,300.0,4.0020,CC,0,45.6,45.6
64.167,56.47,300.0,4.0024,CC,0,45.6,45.6
64.250,56.54,300.0,4.0027,CC,0,45.7,45.7
64.333,56.61,300.0,4.0031,CC,0,45.7,45.7
64.417,56.68,300.0,4.0034,CC,0,45.8,45.8
64.500,56.75,300.0,4.0037,CC,0,45.9,45.9
64.583,56.82,300.0,4.0041,CC,0,45.9,45.9
64.667,56.89,300.0,4.0044,CC,0,46.0,46.0
64.750,56.96,300.0,4.0048,CC,0,46.0,46.0
64.833,57.03,300.0,4.0051,CC,0,46.1,46.1
64.917,57.10,300.0,4.0055,CC,0,46.1,46.1
65.000,57.17,300.0,4.0058,CC,0,46.2,46.2
65.083,57.24,300.0,4.0062,CC,0,46.2,46.2
65.167,57.31,300.0,4.0065,CC,0,46.3,46.3
65.250,57.37,300.0,4.0069,CC,0,46.3,46.3
65.333,57.44,300.0,4.0072,CC,0,46.4,46.4
65.417,57.51,300.0,4.0076,CC,0,46.4,46.4
65.500,57.58,300.0,4.0079,CC,0,46.5,46.5
65.583,57.65,300.0,4.0083,CC,0,46.5,46.5
65.667,57.72,300.0,4.0086,CC,0,46.6,46.6
65.750,57.79,300.0,4.0090,CC,0,46.6,46.6
65.833,57.86,300.0,4.0093,CC,0,46.7,46.7
65.917,57.93,300.0,4.0097,CC,0,46.7,46.7
66.000,58.00,300.0,4.0100,CC,0,46.8,46.8
66.083,58.07,300.0,4.0103,CC,0,46.9,46.9
66.167,58.14,300.0,4.0107,CC,0,46.9,46.9
66.250,58.21,300.0,4.0110,CC,0,47.0,47.0
66.333,58.28,300.0,4.0114,CC,0,47.0,47.0
66.417,58.35,300.0,4.0117,CC,0,47.1,47.1
66.500,58.42,300.0,4.0121,CC,0,47.1,47.1
66.583,58.49,300.0,4.0124,CC,0,47.2,47.2
66.667,58.56,300.0,4.0128,CC,0,47.2,47.2
66.750,58.62,300.0,4.0131,CC,0,47.3,47.3
66.833,58.69,300.0,4.0135,CC,0,47.3,47.3
66.917,58.76,300.0,4.0138,CC,0,47.4,47.4
67.000,58.83,300.0,4.0142,CC,0,47.4,47.4
67.083,58.90,300.0,4.0145,CC,0,47.5,47.5
67.167,58.97,300.0,4.0149,CC,0,47.5,47.5
67.250,59.04,300.0,4.0152,CC,0,47.6,47.6
67.333,59.11,300.0,4.0156,CC,0,47.6,47.6
67.417,59.18,300.0,4.0159,CC,0,47.7,47.7
67.500,59.25,300.0,4.0162,CC,0,47.8,47.8
67.583,59.32,300.0,4.0166,CC,0,47.8,47.8
67.667,59.39,300.0,4.0169,CC,0,47.9,47.9
67.750,59.46,300.0,4.0173,CC,0,47.9,47.9
67.833,59.53,300.0,4.0176,CC,0,48.0,48.0
67.917,59.60,300.0,4.0180,CC,0,48.0,48.0
68.000,59.67,300.0,4.0183,CC,0,48.1,48.1
68.083,59.74,300.0,4.0187,CC,0,48.1,48.1
68.167,59.81,300.0,4.0190,CC,0,48.2,48.2
68.250,59.87,300.0,4.0194,CC,0,48.2,48.2
68.333,59.94,300.0,4.0197,CC,0,48.3,48.3
68.417,60.01,300.0,4.0201,CC,0,48.3,48.3
68.500,60.08,300.0,4.0206,CC,0,48.4,48.4
68.583,60.15,300.0,4.0210,CC,0,48.4,48.4
68.667,60.22,300.0,4.0215,CC,0,48.5,48.5
68.750,60.29,300.0,4.0219,CC,0,48.5,48.5
68.833,60.36,300.0,4.0224,CC,0,48.6,48.6
68.917,60.43,300.0,4.0229,CC,0,48.6,48.6
69.000,60.50,300.0,4.0233,CC,0,48.7,48.7
69.083,60.57,300.0,4.0238,CC,0,48.8,48.8
69.167,60.64,300.0,4.0243,CC,0,48.8,48.8
69.250,60.71,300.0,4.0247,CC,0,48.9,48.9
69.333,60.78,300.0,4.0252,CC,0,48.9,48.9
69.417,60.85,300.0,4.0256,CC,0,49.0,49.0
69.500,60.92,300.0,4.0261,CC,0,49.0,49.0
69.583,60.99,300.0,4.0266,CC,0,49.1,49.1
69.667,61.06,300.0,4.0270,CC,0,49.1,49.1
69.750,61.12,300.0,4.0275,CC,0,49.2,49.2
69.833,61.19,300.0,4.0280,CC,0,49.2,49.2
69.917,61.26,300.0,4.0284,CC,0,49.3,49.3
70.000,61.33,300.0,4.0289,CC,0,49.3,49.3
70.083,61.40,300.0,4.0294,CC,0,49.4,49.4
70.167,61.47,300.0,4.0298,CC,0,49.4,49.4
70.250,61.54,300.0,4.0303,CC,0,49.5,49.5
70.333,61.61,300.0,4.0307,CC,0,49.5,49.5
70.417,61.68,300.0,4.0312,CC,0,49.6,49.6
70.500,61.75,300.0,4.0317,CC,0,49.6,49.6
70.583,61.82,300.0,4.0321,CC,0,49.7,49.7
70.667,61.89,300.0,4.0326,CC,0,49.8,49.8
70.750,61.96,300.0,4.0331,CC,0,49.8,49.8
70.833,62.03,300.0,4.0335,CC,0,49.9,49.9
70.917,62.10,300.0,4.0340,CC,0,49.9,49.9
71.000,62.17,300.0,4.0344,CC,0,50.0,50.0
71.083,62.24,300.0,4.0349,CC,0,50.0,50.0
71.167,62.31,300.0,4.0354,CC,0,50.1,50.1
71.250,62.37,300.0,4.0358,CC,0,50.1,50.1
71.333,62.44,300.0,4.0363,CC,0,50.2,50.2
71.417,62.51,300.0,4.0368,CC,0,50.2,50.2
71.500,62.58,300.0,4.0372,CC,0,50.3,50.3
71.583,62.65,300.0,4.0377,CC,0,50.3,50.3
71.667,62.72,300.0,4.0381,CC,0,50.4,50.4
71.750,62.79,300.0,4.0386,CC,0,50.4,50.4
71.833,62.86,300.0,4.0391,CC,0,50.5,50.5
71.917,62.93,300.0,4.0395,CC,0,50.5,50.5
72.000,63.00,300.0,4.0400,CC,0,50.6,50.6
72.083,63.07,300.0,4.0405,CC,0,50.7,50.7
72.167,63.14,300.0,4.0409,CC,0,50.7,50.7
72.250,63.21,300.0,4.0414,CC,0,50.8,50.8
72.333,63.28,300.0,4.0419,CC,0,50.8,50.8
72.417,63.35,300.0,4.0423,CC,0,50.9,50.9
72.500,63.42,300.0,4.0428,CC,0,50.9,50.9
72.583,63.49,300.0,4.0432,CC,0,51.0,51.0
72.667,63.56,300.0,4.0437,CC,0,51.0,51.0
72.750,63.62,300.0,4.0442,CC,0,51.1,51.1
72.833,63.69,300.0,4.0446,CC,0,51.1,51.1
72.917,63.76,300.0,4.0451,CC,0,51.2,51.2
73.000,63.83,300.0,4.0456,CC,0,51.2,51.2
73.083,63.90,300.0,4.0460,CC,0,51.3,51.3
73.167,63.97,300.0,4.0465,CC,0,51.3,51.3
73.250,64.04,300.0,4.0469,CC,0,51.4,51.4
73.333,64.11,300.0,4.0474,CC,0,51.4,51.4
73.417,64.18,300.0,4.0479,CC,0,51.5,51.5
73.500,64.25,300.0,4.0483,CC,0,51.5,51.5
73.583,64.32,300.0,4.0488,CC,0,51.6,51.6
73.667,64.39,300.0,4.0493,CC,0,51.7,51.7
73.750,64.46,300.0,4.0497,CC,0,51.7,51.7
73.833,64.53,300.0,4.0502,CC,0,51.8,51.8
73.917,64.60,300.0,4.0506,CC,0,51.8,51.8
74.000,64.67,300.0,4.0511,CC,0,51.9,51.9
74.083,64.74,300.0,4.0516,CC,0,51.9,51.9
74.167,64.81,300.0,4.0520,CC,0,52.0,52.0
74.250,64.87,300.0,4.0525,CC,0,52.0,52.0
74.333,64.94,300.0,4.0530,CC,0,52.1,52.1
74.417,65.01,300.0,4.0534,CC,0,52.1,52.1
74.500,65.08,300.0,4.0539,CC,0,52.2,52.2
74.583,65.15,300.0,4.0544,CC,0,52.2,52.2
74.667,65.22,300.0,4.0548,CC,0,52.3,52.3
74.750,65.29,300.0,4.0553,CC,0,52.3,52.3
74.833,65.36,300.0,4.0557,CC,0,52.4,52.4
74.917,65.43,300.0,4.0562,CC,0,52.4,52.4
75.000,65.50,300.0,4.0567,CC,0,52.5,52.5
75.083,65.57,300.0,4.0571,CC,0,52.6,52.6
75.167,65.64,300.0,4.0576,CC,0,52.6,52.6
75.250,65.71,300.0,4.0581,CC,0,52.7,52.7
75.333,65.78,300.0,4.0585,CC,0,52.7,52.7
75.417,65.85,300.0,4.0590,CC,0,52.8,52.8
75.500,65.92,300.0,4.0594,CC,0,52.8,52.8
75.583,65.99,300.0,4.0599,CC,0,52.9,52.9
75.667,66.06,300.0,4.0604,CC,0,52.9,52.9
75.750,66.12,300.0,4.0608,CC,0,53.0,53.0
75.833,66.19,300.0,4.0613,CC,0,53.0,53.0
75.917,66.26,300.0,4.0618,CC,0,53.1,53.1
76.000,66.33,300.0,4.0622,CC,0,53.1,53.1
76.083,66.40,300.0,4.0627,CC,0,53.2,53.2
76.167,66.47,300.0,4.0631,CC,0,53.2,53.2
76.250,66.54,300.0,4.0636,CC,0,53.3,53.3
76.333,66.61,300.0,4.0641,CC,0,53.3,53.3
76.417,66.68,300.0,4.0645,CC,0,53.4,53.4
76.500,66.75,300.0,4.0650,CC,0,53.5,53.5
76.583,66.82,300.0,4.0655,CC,0,53.5,53.5
76.667,66.89,300.0,4.0659,CC,0,53.6,53.6
76.750,66.96,300.0,4.0664,CC,0,53.6,53.6
76.833,67.03,300.0,4.0669,CC,0,53.7,53.7
76.917,67.10,300.0,4.0673,CC,0,53.7,53.7
77.000,67.17,300.0,4.0678,CC,0,53.8,53.8
77.083,67.24,300.0,4.0682,CC,0,53.8,53.8
77.167,67.31,300.0,4.0687,CC,0,53.9,53.9
77.250,67.37,300.0,4.0692,CC,0,53.9,53.9
77.333,67.44,300.0,4.0696,CC,0,54.0,54.0
77.417,67.51,300.0,4.0701,CC,0,54.0,54.0
77.500,67.58,300.0,4.0706,CC,0,54.1,54.1
77.583,67.65,300.0,4.0710,CC,0,54.1,54.1
77.667,67.72,300.0,4.0715,CC,0,54.2,54.2
77.750,67.79,300.0,4.0719,CC,0,54.2,54.2
77.833,67.86,300.0,4.0724,CC,0,54.3,54.3
77.917,67.93,300.0,4.0729,CC,0,54.3,54.3
78.000,68.00,300.0,4.0733,CC,0,54.4,54.4
78.083,68.07,300.0,4.0738,CC,0,54.5,54.5
78.167,68.14,300.0,4.0743,CC,0,54.5,54.5
78.250,68.21,300.0,4.0747,CC,0,54.6,54.6
78.333,68.28,300.0,4.0752,CC,0,54.6,54.6
78.417,68.35,300.0,4.0756,CC,0,54.7,54.7
78.500,68.42,300.0,4.0761,CC,0,54.7,54.7
78.583,68.49,300.0,4.0766,CC,0,54.8,54.8
78.667,68.56,300.0,4.0770,CC,0,54.8,54.8
78.750,68.62,300.0,4.0775,CC,0,54.9,54.9
78.833,68.69,300.0,4.0780,CC,0,54.9,54.9
78.917,68.76,300.0,4.0784,CC,0,55.0,55.0
79.000,68.83,300.0,4.0789,CC,0,55.0,55.0
79.083,68.90,300.0,4.0794,CC,0,55.1,55.1
79.167,68.97,300.0,4.0798,CC,0,55.1,55.1
79.250,69.04,300.0,4.0803,CC,0,55.2,55.2
79.333,69.11,300.0,4.0807,CC,0,55.2,55.2
79.417,69.18,300.0,4.0812,CC,0,55.3,55.3
79.500,69.25,300.0,4.0817,CC,0,55.4,55.4
79.583,69.32,300.0,4.0821,CC,0,55.4,55.4
79.667,69.39,300.0,4.0826,CC,0,55.5,55.5
79.750,69.46,300.0,4.0831,CC,0,55.5,55.5
79.833,69.53,300.0,4.0835,CC,0,55.6,55.6
79.917,69.60,300.0,4.0840,CC,0,55.6,55.6
80.000,69.67,300.0,4.0844,CC,0,55.7,55.7
80.083,69.74,300.0,4.0849,CC,0,55.7,55.7
80.167,69.81,300.0,4.0854,CC,0,55.8,55.8
80.250,69.87,300.0,4.0858,CC,0,55.8,55.8
80.333,69.94,300.0,4.0863,CC,0,55.9,55.9
80.417,70.01,300.0,4.0868,CC,0,55.9,55.9
80.500,70.08,300.0,4.0872,CC,0,56.0,56.0
80.583,70.15,300.0,4.0877,CC,0,56.0,56.0
80.667,70.22,300.0,4.0881,CC,0,56.1,56.1
80.750,70.29,300.0,4.0886,CC,0,56.1,56.1
80.833,70.36,300.0,4.0891,CC,0,56.2,56.2
80.917,70.43,300.0,4.0895,CC,0,56.2,56.2
81.000,70.50,300.0,4.0900,CC,0,56.3,56.3
81.083,70.57,300.0,4.0905,CC,0,56.4,56.4
81.167,70.64,300.0,4.0909,CC,0,56.4,56.4
81.250,70.71,300.0,4.0914,CC,0,56.5,56.5
81.333,70.78,300.0,4.0919,CC,0,56.5,56.5
81.417,70.85,300.0,4.0923,CC,0,56.6,56.6
81.500,70.92,300.0,4.0928,CC,0,56.6,56.6
81.583,70.99,300.0,4.0932,CC,0,56.7,56.7
81.667,71.06,300.0,4.0937,CC,0,56.7,56.7
81.750,71.12,300.0,4.0942,CC,0,56.8,56.8
81.833,71.19,300.0,4.0946,CC,0,56.8,56.8
81.917,71.26,300.0,4.0951,CC,0,56.9,56.9
82.000,71.33,300.0,4.0956,CC,0,56.9,56.9
82.083,71.40,300.0,4.0960,CC,0,57.0,57.0
82.167,71.47,300.0,4.0965,CC,0,57.0,57.0
82.250,71.54,300.0,4.0969,CC,0,57.1,57.1
82.333,71.61,300.0,4.0974,CC,0,57.1,57.1
82.417,71.68,300.0,4.0979,CC,0,57.2,57.2
82.500,71.75,300.0,4.0983,CC,0,57.3,57.3
82.583,71.82,300.0,4.0988,CC,0,57.3,57.3
82.667,71.89,300.0,4.0993,CC,0,57.4,57.4
82.750,71.96,300.0,4.0997,CC,0,57.4,57.4
82.833,72.03,300.0,4.1002,CC,0,57.5,57.5
82.917,72.10,300.0,4.1006,CC,0,57.5,57.5
83.000,72.17,300.0,4.1011,CC,0,57.6,57.6
83.083,72.24,300.0,4.1016,CC,0,57.6,57.6
83.167,72.31,300.0,4.1020,CC,0,57.7,57.7
83.250,72.37,300.0,4.1025,CC,0,57.7,57.7
83.333,72.44,300.0,4.1030,CC,0,57.8,57.8
83.417,72.51,300.0,4.1034,CC,0,57.8,57.8
83.500,72.58,300.0,4.1039,CC,0,57.9,57.9
83.583,72.65,300.0,4.1044,CC,0,57.9,57.9
83.667,72.72,300.0,4.1048,CC,0,58.0,58.0
83.750,72.79,300.0,4.1053,CC,0,58.0,58.0
83.833,72.86,300.0,4.1057,CC,0,58.1,58.1
83.917,72.93,300.0,4.1062,CC,0,58.1,58.1
84.000,73.00,300.0,4.1067,CC,0,58.2,58.2
84.083,73.07,300.0,4.1071,CC,0,58.3,58.3
84.167,73.14,300.0,4.1076,CC,0,58.3,58.3
84.250,73.21,300.0,4.1081,CC,0,58.4,58.4
84.333,73.28,300.0,4.1085,CC,0,58.4,58.4
84.417,73.35,300.0,4.1090,CC,0,58.5,58.5
84.500,73.42,300.0,4.1094,CC,0,58.5,58.5
84.583,73.49,300.0,4.1099,CC,0,58.6,58.6
84.667,73.56,300.0,4.1104,CC,0,58.6,58.6
84.750,73.62,300.0,4.1108,CC,0,58.7,58.7
84.833,73.69,300.0,4.1113,CC,0,58.7,58.7
84.917,73.76,300.0,4.1118,CC,0,58.8,58.8
85.000,73.83,300.0,4.1122,CC,0,58.8,58.8
85.083,73.90,300.0,4.1127,CC,0,58.9,58.9
85.167,73.97,300.0,4.1131,CC,0,58.9,58.9
85.250,74.04,300.0,4.1136,CC,0,59.0,59.0
85.333,74.11,300.0,4.1141,CC,0,59.0,59.0
85.417,74.18,300.0,4.1145,CC,0,59.1,59.1
85.500,74.25,300.0,4.1150,CC,0,59.1,59.1
85.583,74.32,300.0,4.1155,CC,0,59.2,59.2
85.667,74.39,300.0,4.1159,CC,0,59.3,59.3
85.750,74.46,300.0,4.1164,CC,0,59.3,59.3
85.833,74.53,300.0,4.1169,CC,0,59.4,59.4
85.917,74.60,300.0,4.1173,CC,0,59.4,59.4
86.000,74.67,300.0,4.1178,CC,0,59.5,59.5
86.083,74.74,300.0,4.1182,CC,0,59.5,59.5
86.167,74.81,300.0,4.1187,CC,0,59.6,59.6
86.250,74.87,300.0,4.1192,CC,0,59.6,59.6
86.333,74.94,300.0,4.1196,CC,0,59.7,59.7
86.417,75.01,300.0,4.1201,CC,0,59.7,59.7
86.500,75.08,300.0,4.1207,CC,0,59.8,59.8
86.583,75.15,300.0,4.1212,CC,0,59.8,59.8
86.667,75.22,300.0,4.1218,CC,0,59.9,59.9
86.750,75.29,300.0,4.1223,CC,0,59.9,59.9
86.833,75.36,300.0,4.1229,CC,0,60.0,60.0
86.917,75.43,300.0,4.1234,CC,0,60.0,60.0
87.000,75.50,300.0,4.1240,CC,0,60.1,60.1
87.083,75.57,300.0,4.1246,CC,0,60.2,60.2
87.167,75.64,300.0,4.1251,CC,0,60.2,60.2
87.250,75.71,300.0,4.1257,CC,0,60.3,60.3
87.333,75.78,300.0,4.1262,CC,0,60.3,60.3
87.417,75.85,300.0,4.1268,CC,0,60.4,60.4
87.500,75.92,300.0,4.1273,CC,0,60.4,60.4
87.583,75.99,300.0,4.1279,CC,0,60.5,60.5
87.667,76.06,300.0,4.1284,CC,0,60.5,60.5
87.750,76.12,300.0,4.1290,CC,0,60.6,60.6
87.833,76.19,300.0,4.1296,CC,0,60.6,60.6
87.917,76.26,300.0,4.1301,CC,0,60.7,60.7
88.000,76.33,300.0,4.1307,CC,0,60.7,60.7
88.083,76.40,300.0,4.1312,CC,0,60.8,60.8
88.167,76.47,300.0,4.1318,CC,0,60.8,60.8
88.250,76.54,300.0,4.1323,CC,0,60.9,60.9
88.333,76.61,300.0,4.1329,CC,0,60.9,60.9
88.417,76.68,300.0,4.1334,CC,0,61.0,61.0
88.500,76.75,300.0,4.1340,CC,0,61.0,61.0
88.583,76.82,300.0,4.1346,CC,0,61.1,61.1
88.667,76.89,300.0,4.1351,CC,0,61.2,61.2
88.750,76.96,300.0,4.1357,CC,0,61.2,61.2
88.833,77.03,300.0,4.1362,CC,0,61.3,61.3
88.917,77.10,300.0,4.1368,CC,0,61.3,61.3
89.000,77.17,300.0,4.1373,CC,0,61.4,61.4
89.083,77.24,300.0,4.1379,CC,0,61.4,61.4
89.167,77.31,300.0,4.1384,CC,0,61.5,61.5
89.250,77.37,300.0,4.1390,CC,0,61.5,61.5
89.333,77.44,300.0,4.1396,CC,0,61.6,61.6
89.417,77.51,300.0,4.1401,CC,0,61.6,61.6
89.500,77.58,300.0,4.1407,CC,0,61.7,61.7
89.583,77.65,300.0,4.1412,CC,0,61.7,61.7
89.667,77.72,300.0,4.1418,CC,0,61.8,61.8
89.750,77.79,300.0,4.1423,CC,0,61.8,61.8
89.833,77.86,300.0,4.1429,CC,0,61.9,61.9
89.917,77.93,300.0,4.1434,CC,0,61.9,61.9
90.000,78.00,300.0,4.1440,CC,0,62.0,62.0
90.083,78.07,300.0,4.1446,CC,0,62.1,62.1
90.167,78.14,300.0,4.1451,CC,0,62.1,62.1
90.250,78.21,300.0,4.1457,CC,0,62.2,62.2
90.333,78.28,300.0,4.1462,CC,0,62.2,62.2
90.417,78.35,300.0,4.1468,CC,0,62.3,62.3
90.500,78.42,300.0,4.1473,CC,0,62.3,62.3
90.583,78.49,300.0,4.1479,CC,0,62.4,62.4
90.667,78.56,300.0,4.1484,CC,0,62.4,62.4
90.750,78.62,300.0,4.1490,CC,0,62.5,62.5
90.833,78.69,300.0,4.1496,CC,0,62.5,62.5
90.917,78.76,300.0,4.1501,CC,0,62.6,62.6
91.000,78.83,300.0,4.1507,CC,0,62.6,62.6
91.083,78.90,300.0,4.1512,CC,0,62.7,62.7
91.167,78.97,300.0,4.1518,CC,0,62.7,62.7
91.250,79.04,300.0,4.1523,CC,0,62.8,62.8
91.333,79.11,300.0,4.1529,CC,0,62.8,62.8
91.417,79.18,300.0,4.1534,CC,0,62.9,62.9
91.500,79.25,300.0,4.1540,CC,0,62.9,62.9
91.583,79.32,300.0,4.1546,CC,0,63.0,63.0
91.667,79.39,300.0,4.1551,CC,0,63.1,63.1
91.750,79.46,300.0,4.1557,CC,0,63.1,63.1
91.833,79.53,300.0,4.1562,CC,0,63.2,63.2
91.917,79.60,300.0,4.1568,CC,0,63.2,63.2
92.000,79.67,300.0,4.1573,CC,0,63.3,63.3
92.083,79.74,300.0,4.1579,CC,0,63.3,63.3
92.167,79.81,300.0,4.1584,CC,0,63.4,63.4
92.250,79.87,300.0,4.1590,CC,0,63.4,63.4
92.333,79.94,300.0,4.1596,CC,0,63.5,63.5
92.417,80.01,300.0,4.1601,CC,0,63.5,63.5
92.500,80.08,300.0,4.1607,CC,0,63.6,63.6
92.583,80.15,300.0,4.1612,CC,0,63.6,63.6
92.667,80.22,300.0,4.1618,CC,0,63.7,63.7
92.750,80.29,300.0,4.1623,CC,0,63.7,63.7
92.833,80.36,300.0,4.1629,CC,0,63.8,63.8
92.917,80.43,300.0,4.1634,CC,0,63.8,63.8
93.000,80.50,300.0,4.1640,CC,0,63.9,63.9
93.083,80.57,300.0,4.1646,CC,0,64.0,64.0
93.167,80.64,300.0,4.1651,CC,0,64.0,64.0
93.250,80.71,300.0,4.1657,CC,0,64.1,64.1
93.333,80.78,300.0,4.1662,CC,0,64.1,64.1
93.417,80.85,300.0,4.1668,CC,0,64.2,64.2
93.500,80.92,300.0,4.1673,CC,0,64.2,64.2
93.583,80.99,300.0,4.1679,CC,0,64.3,64.3
93.667,81.06,300.0,4.1684,CC,0,64.3,64.3
93.750,81.12,300.0,4.1690,CC,0,64.4,64.4
93.833,81.19,300.0,4.1696,CC,0,64.4,64.4
93.917,81.26,300.0,4.1701,CC,0,64.5,64.5
94.000,81.33,300.0,4.1707,CC,0,64.5,64.5
94.083,81.40,300.0,4.1712,CC,0,64.6,64.6
94.167,81.47,300.0,4.1718,CC,0,64.6,64.6
94.250,81.54,300.0,4.1723,CC,0,64.7,64.7
94.333,81.61,300.0,4.1729,CC,0,64.7,64.7
94.417,81.68,300.0,4.1734,CC,0,64.8,64.8
94.500,81.75,300.0,4.1740,CC,0,64.8,64.8
94.583,81.82,300.0,4.1746,CC,0,64.9,64.9
94.667,81.89,300.0,4.1751,CC,0,65.0,65.0
94.750,81.96,300.0,4.1757,CC,0,65.0,65.0
94.833,82.03,300.0,4.1762,CC,0,65.1,65.1
94.917,82.10,300.0,4.1768,CC,0,65.1,65.1
95.000,82.17,300.0,4.1773,CC,0,65.2,65.2
95.083,82.24,300.0,4.1779,CC,0,65.2,65.2
95.167,82.31,300.0,4.1784,CC,0,65.3,65.3
95.250,82.37,300.0,4.1790,CC,0,65.3,65.3
95.333,82.44,300.0,4.1796,CC,0,65.4,65.4
95.417,82.51,300.0,4.1801,CC,0,65.4,65.4
95.500,82.58,300.0,4.1807,CC,0,65.5,65.5
95.583,82.65,300.0,4.1812,CC,0,65.5,65.5
95.667,82.72,300.0,4.1818,CC,0,65.6,65.6
95.750,82.79,300.0,4.1823,CC,0,65.6,65.6
95.833,82.86,300.0,4.1829,CC,0,65.7,65.7
95.917,82.93,300.0,4.1834,CC,0,65.7,65.7
96.000,83.00,300.0,4.1840,CC,0,65.8,65.8
96.083,83.07,300.0,4.1846,CC,0,65.9,65.9
96.167,83.14,300.0,4.1851,CC,0,65.9,65.9
96.250,83.21,300.0,4.1857,CC,0,66.0,66.0
96.333,83.28,300.0,4.1862,CC,0,66.0,66.0
96.417,83.35,300.0,4.1868,CC,0,66.1,66.1
96.500,83.42,300.0,4.1873,CC,0,66.1,66.1
96.583,83.49,300.0,4.1879,CC,0,66.2,66.2
96.667,83.56,300.0,4.1884,CC,0,66.2,66.2
96.750,83.62,300.0,4.1890,CC,0,66.3,66.3
96.833,83.69,300.0,4.1896,CC,0,66.3,66.3
96.917,83.76,300.0,4.1901,CC,0,66.4,66.4
97.000,83.83,300.0,4.1907,CC,0,66.4,66.4
97.083,83.90,300.0,4.1912,CC,0,66.5,66.5
97.167,83.97,300.0,4.1918,CC,0,66.5,66.5
97.250,84.04,300.0,4.1923,CC,0,66.6,66.6
97.333,84.11,300.0,4.1929,CC,0,66.6,66.6
97.417,84.18,300.0,4.1934,CC,0,66.7,66.7
97.500,84.25,300.0,4.1940,CC,0,66.8,66.8
97.583,84.32,300.0,4.1946,CC,0,66.8,66.8
97.667,84.39,300.0,4.1951,CC,0,66.9,66.9
97.750,84.46,300.0,4.1957,CC,0,66.9,66.9
97.833,84.53,300.0,4.1962,CC,0,67.0,67.0
97.917,84.60,300.0,4.1968,CC,0,67.0,67.0
98.000,84.67,300.0,4.1973,CC,0,67.1,67.1
98.083,84.74,300.0,4.1979,CC,0,67.1,67.1
98.167,84.81,300.0,4.1984,CC,0,67.2,67.2
98.250,84.87,300.0,4.1990,CC,0,67.2,67.2
98.333,84.94,300.0,4.1996,CC,0,67.3,67.3
98.417,85.01,299.8,4.2000,CV,0,67.3,67.3
98.500,85.08,298.5,4.2000,CV,0,67.4,67.4
98.583,85.15,297.3,4.2000,CV,0,67.4,67.4
98.667,85.22,296.1,4.2000,CV,0,67.5,67.5
98.750,85.29,294.9,4.2000,CV,0,67.5,67.5
98.833,85.36,293.7,4.2000,CV,0,67.6,67.6
98.917,85.43,292.5,4.2000,CV,0,67.6,67.6
99.000,85.49,291.4,4.2000,CV,0,67.7,67.7
99.083,85.56,290.2,4.2000,CV,0,67.8,67.8
99.167,85.63,289.0,4.2000,CV,0,67.8,67.8
99.250,85.70,287.8,4.2000,CV,0,67.9,67.9
99.333,85.76,286.7,4.2000,CV,0,67.9,67.9
99.417,85.83,285.5,4.2000,CV,0,68.0,68.0
99.500,85.89,284.3,4.2000,CV,0,68.0,68.0
99.583,85.96,283.2,4.2000,CV,0,68.1,68.1
99.667,86.03,282.1,4.2000,CV,0,68.1,68.1
99.750,86.09,280.9,4.2000,CV,0,68.2,68.2
99.833,86.16,279.8,4.2000,CV,0,68.2,68.2
99.917,86.22,278.6,4.2000,CV,0,68.3,68.3
100.000,86.29,277.5,4.2000,CV,0,68.3,68.3
100.083,86.35,276.4,4.2000,CV,0,68.4,68.4
100.167,86.41,275.3,4.2000,CV,0,68.4,68.4
100.250,86.48,274.1,4.2000,CV,0,68.5,68.5
100.333,86.54,273.0,4.2000,CV,0,68.5,68.5
100.417,86.60,271.9,4.2000,CV,0,68.6,68.6
100.500,86.67,270.8,4.2000,CV,0,68.7,68.7
100.583,86.73,269.7,4.2000,CV,0,68.7,68.7
100.667,86.79,268.6,4.2000,CV,0,68.8,68.8
100.750,86.85,267.6,4.2000,CV,0,68.8,68.8
100.833,86.92,266.5,4.2000,CV,0,68.9,68.9
100.917,86.98,265.4,4.2000,CV,0,68.9,68.9
101.000,87.04,264.3,4.2000,CV,0,69.0,69.0
101.083,87.10,263.2,4.2000,CV,0,69.0,69.0
101.167,87.16,262.2,4.2000,CV,0,69.1,69.1
101.250,87.22,261.1,4.2000,CV,0,69.1,69.1
101.333,87.28,260.1,4.2000,CV,0,69.2,69.2
101.417,87.34,259.0,4.2000,CV,0,69.2,69.2
101.500,87.40,258.0,4.2000,CV,0,69.3,69.3
101.583,87.46,256.9,4.2000,CV,0,69.3,69.3
101.667,87.52,255.9,4.2000,CV,0,69.4,69.4
101.750,87.58,254.8,4.2000,CV,0,69.4,69.4
101.833,87.64,253.8,4.2000,CV,0,69.5,69.5
101.917,87.70,252.8,4.2000,CV,0,69.5,69.5
102.000,87.76,251.7,4.2000,CV,0,69.6,69.6
102.083,87.82,250.7,4.2000,CV,0,69.7,69.7
102.167,87.87,249.7,4.2000,CV,0,69.7,69.7
102.250,87.93,248.7,4.2000,CV,0,69.8,69.8
102.333,87.99,247.7,4.2000,CV,0,69.8,69.8
102.417,88.05,246.7,4.2000,CV,0,69.9,69.9
102.500,88.10,245.7,4.2000,CV,0,69.9,69.9
102.583,88.16,244.7,4.2000,CV,0,70.0,70.0
102.667,88.22,243.7,4.2000,CV,0,70.0,70.0
102.750,88.27,242.7,4.2000,CV,0,70.1,70.1
102.833,88.33,241.7,4.2000,CV,0,70.1,70.1
102.917,88.39,240.8,4.2000,CV,0,70.2,70.2
103.000,88.44,239.8,4.2000,CV,0,70.2,70.2
103.083,88.50,238.8,4.2000,CV,0,70.3,70.3
103.167,88.55,237.8,4.2000,CV,0,70.3,70.3
103.250,88.61,236.9,4.2000,CV,0,70.4,70.4
103.333,88.66,235.9,4.2000,CV,0,70.4,70.4
103.417,88.72,235.0,4.2000,CV,0,70.5,70.5
103.500,88.77,234.0,4.2000,CV,0,70.5,70.5
103.583,88.83,233.1,4.2000,CV,0,70.6,70.6
103.667,88.88,232.1,4.2000,CV,0,70.7,70.7
103.750,88.93,231.2,4.2000,CV,0,70.7,70.7
103.833,88.99,230.2,4.2000,CV,0,70.8,70.8
103.917,89.04,229.3,4.2000,CV,0,70.8,70.8
104.000,89.09,228.4,4.2000,CV,0,70.9,70.9
104.083,89.15,227.5,4.2000,CV,0,70.9,70.9
104.167,89.20,226.5,4.2000,CV,0,71.0,71.0
104.250,89.25,225.6,4.2000,CV,0,71.0,71.0
104.333,89.30,224.7,4.2000,CV,0,71.1,71.1
104.417,89.35,223.8,4.2000,CV,0,71.1,71.1
104.500,89.41,222.9,4.2000,CV,0,71.2,71.2
104.583,89.46,222.0,4.2000,CV,0,71.2,71.2
104.667,89.51,221.1,4.2000,CV,0,71.3,71.3
104.750,89.56,220.2,4.2000,CV,0,71.3,71.3
104.833,89.61,219.3,4.2000,CV,0,71.4,71.4
104.917,89.66,218.4,4.2000,CV,0,71.4,71.4
105.000,89.71,217.5,4.2000,CV,0,71.5,71.5
105.083,89.76,216.6,4.2000,CV,0,71.6,71.6
105.167,89.81,215.8,4.2000,CV,0,71.6,71.6
105.250,89.86,214.9,4.2000,CV,0,71.7,71.7
105.333,89.91,214.0,4.2000,CV,0,71.7,71.7
105.417,89.96,213.2,4.2000,CV,0,71.8,71.8
105.500,90.01,212.3,4.2000,CV,0,71.8,71.8
105.583,90.06,211.4,4.2000,CV,0,71.9,71.9
105.667,90.11,210.6,4.2000,CV,0,71.9,71.9
105.750,90.16,209.7,4.2000,CV,0,72.0,72.0
105.833,90.21,208.9,4.2000,CV,0,72.0,72.0
105.917,90.26,208.0,4.2000,CV,0,72.1,72.1
106.000,90.30,207.2,4.2000,CV,0,72.1,72.1
106.083,90.35,206.3,4.2000,CV,0,72.2,72.2
106.167,90.40,205.5,4.2000,CV,0,72.2,72.2
106.250,90.45,204.7,4.2000,CV,0,72.3,72.3
106.333,90.49,203.8,4.2000,CV,0,72.3,72.3
106.417,90.54,203.0,4.2000,CV,0,72.4,72.4
106.500,90.59,202.2,4.2000,CV,0,72.5,72.5
106.583,90.64,201.4,4.2000,CV,0,72.5,72.5
106.667,90.68,200.6,4.2000,CV,0,72.6,72.6
106.750,90.73,199.7,4.2000,CV,0,72.6,72.6
106.833,90.77,198.9,4.2000,CV,0,72.7,72.7
106.917,90.82,198.1,4.2000,CV,0,72.7,72.7
107.000,90.87,197.3,4.2000,CV,0,72.8,72.8
107.083,90.91,196.5,4.2000,CV,0,72.8,72.8
107.167,90.96,195.7,4.2000,CV,0,72.9,72.9
107.250,91.00,194.9,4.2000,CV,0,72.9,72.9
107.333,91.05,194.2,4.2000,CV,0,73.0,73.0
107.417,91.09,193.4,4.2000,CV,0,73.0,73.0
107.500,91.14,192.6,4.2000,CV,0,73.1,73.1
107.583,91.18,191.8,4.2000,CV,0,73.1,73.1
107.667,91.23,191.0,4.2000,CV,0,73.2,73.2
107.750,91.27,190.3,4.2000,CV,0,73.2,73.2
107.833,91.32,189.5,4.2000,CV,0,73.3,73.3
107.917,91.36,188.7,4.2000,CV,0,73.3,73.3
108.000,91.40,187.9,4.2000,CV,0,73.4,73.4
108.083,91.45,187.2,4.2000,CV,0,73.5,73.5
108.167,91.49,186.4,4.2000,CV,0,73.5,73.5
108.250,91.53,185.7,4.2000,CV,0,73.6,73.6
108.333,91.58,184.9,4.2000,CV,0,73.6,73.6
108.417,91.62,184.2,4.2000,CV,0,73.7,73.7
108.500,91.66,183.4,4.2000,CV,0,73.7,73.7
108.583,91.70,182.7,4.2000,CV,0,73.8,73.8
108.667,91.75,181.9,4.2000,CV,0,73.8,73.8
108.750,91.79,181.2,4.2000,CV,0,73.9,73.9
108.833,91.83,180.5,4.2000,CV,0,73.9,73.9
108.917,91.87,179.7,4.2000,CV,0,74.0,74.0
109.000,91.91,179.0,4.2000,CV,0,74.0,74.0
109.083,91.95,178.3,4.2000,CV,0,74.1,74.1
109.167,92.00,177.6,4.2000,CV,0,74.1,74.1
109.250,92.04,176.8,4.2000,CV,0,74.2,74.2
109.333,92.08,176.1,4.2000,CV,0,74.2,74.2
109.417,92.12,175.4,4.2000,CV,0,74.3,74.3
109.500,92.16,174.7,4.2000,CV,0,74.3,74.3
109.583,92.20,174.0,4.2000,CV,0,74.4,74.4
109.667,92.24,173.3,4.2000,CV,0,74.5,74.5
109.750,92.28,172.6,4.2000,CV,0,74.5,74.5
109.833,92.32,171.9,4.2000,CV,0,74.6,74.6
109.917,92.36,171.2,4.2000,CV,0,74.6,74.6
110.000,92.40,170.5,4.2000,CV,0,74.7,74.7
110.083,92.44,169.8,4.2000,CV,0,74.7,74.7
110.167,92.48,169.1,4.2000,CV,0,74.8,74.8
110.250,92.52,168.4,4.2000,CV,0,74.8,74.8
110.333,92.56,167.8,4.2000,CV,0,74.9,74.9
110.417,92.60,167.1,4.2000,CV,0,74.9,74.9
110.500,92.63,166.4,4.2000,CV,0,75.0,75.0
110.583,92.67,165.7,4.2000,CV,0,75.0,75.0
110.667,92.71,165.1,4.2000,CV,0,75.1,75.1
110.750,92.75,164.4,4.2000,CV,0,75.1,75.1
110.833,92.79,163.7,4.2000,CV,0,75.2,75.2
110.917,92.83,163.1,4.2000,CV,0,75.2,75.2
111.000,92.86,162.4,4.2000,CV,0,75.3,75.3
111.083,92.90,161.7,4.2000,CV,0,75.4,75.4
111.167,92.94,161.1,4.2000,CV,0,75.4,75.4
111.250,92.98,160.4,4.2000,CV,0,75.5,75.5
111.333,93.01,159.8,4.2000,CV,0,75.5,75.5
111.417,93.05,159.1,4.2000,CV,0,75.6,75.6
111.500,93.09,158.5,4.2000,CV,0,75.6,75.6
111.583,93.12,157.8,4.2000,CV,0,75.7,75.7
111.667,93.16,157.2,4.2000,CV,0,75.7,75.7
111.750,93.20,156.6,4.2000,CV,0,75.8,75.8
111.833,93.23,155.9,4.2000,CV,0,75.8,75.8
111.917,93.27,155.3,4.2000,CV,0,75.9,75.9
112.000,93.30,154.7,4.2000,CV,0,75.9,75.9
112.083,93.34,154.0,4.2000,CV,0,76.0,76.0
112.167,93.38,153.4,4.2000,CV,0,76.0,76.0
112.250,93.41,152.8,4.2000,CV,0,76.1,76.1
112.333,93.45,152.2,4.2000,CV,0,76.1,76.1
112.417,93.48,151.6,4.2000,CV,0,76.2,76.2
112.500,93.52,151.0,4.2000,CV,0,76.2,76.2
112.583,93.55,150.3,4.2000,CV,0,76.3,76.3
112.667,93.59,149.7,4.2000,CV,0,76.4,76.4
112.750,93.62,149.1,4.2000,CV,0,76.4,76.4
112.833,93.66,148.5,4.2000,CV,0,76.5,76.5
112.917,93.69,147.9,4.2000,CV,0,76.5,76.5
113.000,93.72,147.3,4.2000,CV,0,76.6,76.6
113.083,93.76,146.7,4.2000,CV,0,76.6,76.6
113.167,93.79,146.1,4.2000,CV,0,76.7,76.7
113.250,93.83,145.5,4.2000,CV,0,76.7,76.7
113.333,93.86,144.9,4.2000,CV,0,76.8,76.8
113.417,93.89,144.4,4.2000,CV,0,76.8,76.8
113.500,93.93,143.8,4.2000,CV,0,76.9,76.9
113.583,93.96,143.2,4.2000,CV,0,76.9,76.9
113.667,93.99,142.6,4.2000,CV,0,77.0,77.0
113.750,94.03,142.0,4.2000,CV,0,77.0,77.0
113.833,94.06,141.5,4.2000,CV,0,77.1,77.1
113.917,94.09,140.9,4.2000,CV,0,77.1,77.1
114.000,94.12,140.3,4.2000,CV,0,77.2,77.2
114.083,94.16,139.7,4.2000,CV,0,77.3,77.3
114.167,94.19,139.2,4.2000,CV,0,77.3,77.3
114.250,94.22,138.6,4.2000,CV,0,77.4,77.4
114.333,94.25,138.1,4.2000,CV,0,77.4,77.4
114.417,94.29,137.5,4.2000,CV,0,77.5,77.5
114.500,94.32,136.9,4.2000,CV,0,77.5,77.5
114.583,94.35,136.4,4.2000,CV,0,77.6,77.6
114.667,94.38,135.8,4.2000,CV,0,77.6,77.6
114.750,94.41,135.3,4.2000,CV,0,77.7,77.7
114.833,94.44,134.7,4.2000,CV,0,77.7,77.7
114.917,94.47,134.2,4.2000,CV,0,77.8,77.8
115.000,94.51,133.6,4.2000,CV,0,77.8,77.8
115.083,94.54,133.1,4.2000,CV,0,77.9,77.9
115.167,94.57,132.6,4.2000,CV,0,77.9,77.9
115.250,94.60,132.0,4.2000,CV,0,78.0,78.0
115.333,94.63,131.5,4.2000,CV,0,78.0,78.0
115.417,94.66,131.0,4.2000,CV,0,78.1,78.1
115.500,94.69,130.4,4.2000,CV,0,78.2,78.2
115.583,94.72,129.9,4.2000,CV,0,78.2,78.2
115.667,94.75,129.4,4.2000,CV,0,78.3,78.3
115.750,94.78,128.9,4.2000,CV,0,78.3,78.3
115.833,94.81,128.3,4.2000,CV,0,78.4,78.4
115.917,94.84,127.8,4.2000,CV,0,78.4,78.4
116.000,94.87,127.3,4.2000,CV,0,78.5,78.5
116.083,94.90,126.8,4.2000,CV,0,78.5,78.5
116.167,94.93,126.3,4.2000,CV,0,78.6,78.6
116.250,94.96,125.8,4.2000,CV,0,78.6,78.6
116.333,94.99,125.2,4.2000,CV,0,78.7,78.7
116.417,95.02,124.6,4.2000,CV,0,78.7,78.7
116.500,95.04,123.9,4.2000,CV,0,78.8,78.8
116.583,95.07,123.2,4.2000,CV,0,78.8,78.8
116.667,95.10,122.5,4.2000,CV,0,78.9,78.9
116.750,95.13,121.8,4.2000,CV,0,78.9,78.9
116.833,95.16,121.1,4.2000,CV,0,79.0,79.0
116.917,95.19,120.4,4.2000,CV,0,79.0,79.0
117.000,95.21,119.7,4.2000,CV,0,79.1,79.1
117.083,95.24,119.0,4.2000,CV,0,79.2,79.2
117.167,95.27,118.3,4.2000,CV,0,79.2,79.2
117.250,95.30,117.6,4.2000,CV,0,79.3,79.3
117.333,95.32,116.9,4.2000,CV,0,79.3,79.3
117.417,95.35,116.2,4.2000,CV,0,79.4,79.4
117.500,95.38,115.6,4.2000,CV,0,79.4,79.4
117.583,95.40,114.9,4.2000,CV,0,79.5,79.5
117.667,95.43,114.2,4.2000,CV,0,79.5,79.5
117.750,95.46,113.6,4.2000,CV,0,79.6,79.6
117.833,95.48,112.9,4.2000,CV,0,79.6,79.6
117.917,95.51,112.3,4.2000,CV,0,79.7,79.7
118.000,95.54,111.6,4.2000,CV,0,79.7,79.7
118.083,95.56,111.0,4.2000,CV,0,79.8,79.8
118.167,95.59,110.3,4.2000,CV,0,79.8,79.8
118.250,95.61,109.7,4.2000,CV,0,79.9,79.9
118.333,95.64,109.0,4.2000,CV,0,79.9,79.9
118.417,95.66,108.4,4.2000,CV,0,80.0,80.0
118.500,95.69,107.8,4.2000,CV,0,80.0,80.0
118.583,95.71,107.2,4.2000,CV,0,80.1,80.1
118.667,95.74,106.5,4.2000,CV,0,80.2,80.2
118.750,95.76,105.9,4.2000,CV,0,80.2,80.2
118.833,95.79,105.3,4.2000,CV,0,80.3,80.3
118.917,95.81,104.7,4.2000,CV,0,80.3,80.3
119.000,95.84,104.1,4.2000,CV,0,80.4,80.4
119.083,95.86,103.5,4.2000,CV,0,80.4,80.4
119.167,95.88,102.9,4.2000,CV,0,80.5,80.5
119.250,95.91,102.3,4.2000,CV,0,80.5,80.5
119.333,95.93,101.7,4.2000,CV,0,80.6,80.6
119.417,95.96,101.1,4.2000,CV,0,80.6,80.6
119.500,95.98,100.5,4.2000,CV,0,80.7,80.7
119.583,96.00,100.0,4.2000,CV,0,80.7,80.7
119.667,96.02,99.4,4.2000,CV,0,80.8,80.8
119.750,96.05,98.8,4.2000,CV,0,80.8,80.8
119.833,96.07,98.2,4.2000,CV,0,80.9,80.9
119.917,96.09,97.7,4.2000,CV,0,80.9,80.9
120.000,96.12,97.1,4.2000,CV,0,81.0,81.0
120.083,96.14,96.5,4.2000,CV,0,81.1,81.1
120.167,96.16,96.0,4.2000,CV,0,81.1,81.1
120.250,96.18,95.4,4.2000,CV,0,81.2,81.2
120.333,96.21,94.9,4.2000,CV,0,81.2,81.2
120.417,96.23,94.3,4.2000,CV,0,81.3,81.3
120.500,96.25,93.8,4.2000,CV,0,81.3,81.3
120.583,96.27,93.2,4.2000,CV,0,81.4,81.4
120.667,96.29,92.7,4.2000,CV,0,81.4,81.4
120.750,96.31,92.2,4.2000,CV,0,81.5,81.5
120.833,96.34,91.6,4.2000,CV,0,81.5,81.5
120.917,96.36,91.1,4.2000,CV,0,81.6,81.6
121.000,96.38,90.6,4.2000,CV,0,81.6,81.6
121.083,96.40,90.0,4.2000,CV,0,81.7,81.7
121.167,96.42,89.5,4.2000,CV,0,81.7,81.7
121.250,96.44,89.0,4.2000,CV,0,81.8,81.8
121.333,96.46,88.5,4.2000,CV,0,81.8,81.8
121.417,96.48,88.0,4.2000,CV,0,81.9,81.9
121.500,96.50,87.5,4.2000,CV,0,82.0,82.0
121.583,96.52,87.0,4.2000,CV,0,82.0,82.0
121.667,96.54,86.5,4.2000,CV,0,82.1,82.1
121.750,96.56,86.0,4.2000,CV,0,82.1,82.1
121.833,96.58,85.5,4.2000,CV,0,82.2,82.2
121.917,96.60,85.0,4.2000,CV,0,82.2,82.2
122.000,96.62,84.5,4.2000,CV,0,82.3,82.3
122.083,96.64,84.0,4.2000,CV,0,82.3,82.3
122.167,96.66,83.5,4.2000,CV,0,82.4,82.4
122.250,96.68,83.0,4.2000,CV,0,82.4,82.4
122.333,96.70,82.5,4.2000,CV,0,82.5,82.5
122.417,96.72,82.1,4.2000,CV,0,82.5,82.5
122.500,96.74,81.6,4.2000,CV,0,82.6,82.6
122.583,96.76,81.1,4.2000,CV,0,82.6,82.6
122.667,96.77,80.6,4.2000,CV,0,82.7,82.7
122.750,96.79,80.2,4.2000,CV,0,82.7,82.7
122.833,96.81,79.7,4.2000,CV,0,82.8,82.8
122.917,96.83,79.2,4.2000,CV,0,82.8,82.8
123.000,96.85,78.8,4.2000,CV,0,82.9,82.9
123.083,96.87,78.3,4.2000,CV,0,83.0,83.0
123.167,96.88,77.9,4.2000,CV,0,83.0,83.0
123.250,96.90,77.4,4.2000,CV,0,83.1,83.1
123.333,96.92,77.0,4.2000,CV,0,83.1,83.1
123.417,96.94,76.5,4.2000,CV,0,83.2,83.2
123.500,96.96,76.1,4.2000,CV,0,83.2,83.2
123.583,96.97,75.7,4.2000,CV,0,83.3,83.3
123.667,96.99,75.2,4.2000,CV,0,83.3,83.3
123.750,97.01,74.8,4.2000,CV,0,83.4,83.4
123.833,97.03,74.3,4.2000,CV,0,83.4,83.4
123.917,97.04,73.9,4.2000,CV,0,83.5,83.5
124.000,97.06,73.5,4.2000,CV,0,83.5,83.5
124.083,97.08,73.1,4.2000,CV,0,83.6,83.6
124.167,97.09,72.6,4.2000,CV,0,83.6,83.6
124.250,97.11,72.2,4.2000,CV,0,83.7,83.7
124.333,97.13,71.8,4.2000,CV,0,83.7,83.7
124.417,97.14,71.4,4.2000,CV,0,83.8,83.8
124.500,97.16,71.0,4.2000,CV,0,83.8,83.8
124.583,97.18,70.6,4.2000,CV,0,83.9,83.9
124.667,97.19,70.2,4.2000,CV,0,84.0,84.0
124.750,97.21,69.7,4.2000,CV,0,84.0,84.0
124.833,97.23,69.3,4.2000,CV,0,84.1,84.1
124.917,97.24,68.9,4.2000,CV,0,84.1,84.1
125.000,97.26,68.5,4.2000,CV,0,84.2,84.2
125.083,97.27,68.1,4.2000,CV,0,84.2,84.2
125.167,97.29,67.8,4.2000,CV,0,84.3,84.3
125.250,97.31,67.4,4.2000,CV,0,84.3,84.3
125.333,97.32,67.0,4.2000,CV,0,84.4,84.4
125.417,97.34,66.6,4.2000,CV,0,84.4,84.4
125.500,97.35,66.2,4.2000,CV,0,84.5,84.5
125.583,97.37,65.8,4.2000,CV,0,84.5,84.5
125.667,97.38,65.4,4.2000,CV,0,84.6,84.6
125.750,97.40,65.1,4.2000,CV,0,84.6,84.6
125.833,97.41,64.7,4.2000,CV,0,84.7,84.7
125.917,97.43,64.3,4.2000,CV,0,84.7,84.7
126.000,97.44,63.9,4.2000,CV,0,84.8,84.8
126.083,97.46,63.6,4.2000,CV,0,84.9,84.9
126.167,97.47,63.2,4.2000,CV,0,84.9,84.9
126.250,97.49,62.8,4.2000,CV,0,85.0,85.0
126.333,97.50,62.5,4.2000,CV,0,85.0,85.0
126.417,97.52,62.1,4.2000,CV,0,85.1,85.1
126.500,97.53,61.7,4.2000,CV,0,85.1,85.1
126.583,97.54,61.4,4.2000,CV,0,85.2,85.2
126.667,97.56,61.0,4.2000,CV,0,85.2,85.2
126.750,97.57,60.7,4.2000,CV,0,85.3,85.3
126.833,97.59,60.3,4.2000,CV,0,85.3,85.3
126.917,97.60,60.0,4.2000,CV,0,85.4,85.4
127.000,97.61,59.6,4.2000,CV,0,85.4,85.4
127.083,97.63,59.3,4.2000,CV,0,85.5,85.5
127.167,97.64,58.9,4.2000,CV,0,85.5,85.5
127.250,97.66,58.6,4.2000,CV,0,85.6,85.6
127.333,97.67,58.3,4.2000,CV,0,85.6,85.6
127.417,97.68,57.9,4.2000,CV,0,85.7,85.7
127.500,97.70,57.6,4.2000,CV,0,85.8,85.8
127.583,97.71,57.3,4.2000,CV,0,85.8,85.8
127.667,97.72,56.9,4.2000,CV,0,85.9,85.9
127.750,97.74,56.6,4.2000,CV,0,85.9,85.9
127.833,97.75,56.3,4.2000,CV,0,86.0,86.0
127.917,97.76,55.9,4.2000,CV,0,86.0,86.0
128.000,97.78,55.6,4.2000,CV,0,86.1,86.1
128.083,97.79,55.3,4.2000,CV,0,86.1,86.1
128.167,97.80,55.0,4.2000,CV,0,86.2,86.2
128.250,97.81,54.7,4.2000,CV,0,86.2,86.2
128.333,97.83,54.3,4.2000,CV,0,86.3,86.3
128.417,97.84,54.0,4.2000,CV,0,86.3,86.3
128.500,97.85,53.7,4.2000,CV,0,86.4,86.4
128.583,97.86,53.4,4.2000,CV,0,86.4,86.4
128.667,97.88,53.1,4.2000,CV,0,86.5,86.5
128.750,97.89,52.8,4.2000,CV,0,86.5,86.5
128.833,97.90,52.5,4.2000,CV,0,86.6,86.6
128.917,97.91,52.2,4.2000,CV,0,86.6,86.6
129.000,97.92,51.9,4.2000,CV,0,86.7,86.7
129.083,97.94,51.6,4.2000,CV,0,86.8,86.8
129.167,97.95,51.3,4.2000,CV,0,86.8,86.8
129.250,97.96,51.0,4.2000,CV,0,86.9,86.9
129.333,97.97,50.7,4.2000,CV,0,86.9,86.9
129.417,97.98,50.4,4.2000,CV,0,87.0,87.0
129.500,98.00,50.1,4.2000,CV,0,87.0,87.0
129.583,98.01,49.8,4.2000,CV,0,87.1,87.1
129.667,98.02,49.5,4.2000,CV,0,87.1,87.1
129.750,98.03,49.2,4.2000,CV,0,87.2,87.2
129.833,98.04,49.0,4.2000,CV,0,87.2,87.2
129.917,98.05,48.7,4.2000,CV,0,87.3,87.3
130.000,98.06,48.4,4.2000,CV,0,87.3,87.3
130.083,98.08,48.1,4.2000,CV,0,87.4,87.4
130.167,98.09,47.8,4.2000,CV,0,87.4,87.4
130.250,98.10,47.6,4.2000,CV,0,87.5,87.5
130.333,98.11,47.3,4.2000,CV,0,87.5,87.5
130.417,98.12,47.0,4.2000,CV,0,87.6,87.6
130.500,98.13,46.7,4.2000,CV,0,87.7,87.7
130.583,98.14,46.5,4.2000,CV,0,87.7,87.7
130.667,98.15,46.2,4.2000,CV,0,87.8,87.8
130.750,98.16,45.9,4.2000,CV,0,87.8,87.8
130.833,98.17,45.7,4.2000,CV,0,87.9,87.9
130.917,98.18,45.4,4.2000,CV,0,87.9,87.9
131.000,98.19,45.1,4.2000,CV,0,88.0,88.0
131.083,98.21,44.9,4.2000,CV,0,88.0,88.0
131.167,98.22,44.6,4.2000,CV,0,88.1,88.1
131.250,98.23,44.4,4.2000,CV,0,88.1,88.1
131.333,98.24,44.1,4.2000,CV,0,88.2,88.2
131.417,98.25,43.8,4.2000,CV,0,88.2,88.2
131.500,98.26,43.6,4.2000,CV,0,88.3,88.3
131.583,98.27,43.3,4.2000,CV,0,88.3,88.3
131.667,98.28,43.1,4.2000,CV,0,88.4,88.4
131.750,98.29,42.8,4.2000,CV,0,88.4,88.4
131.833,98.30,42.6,4.2000,CV,0,88.5,88.5
131.917,98.31,42.3,4.2000,CV,0,88.5,88.5
132.000,98.32,42.1,4.2000,CV,0,88.6,88.6
132.083,98.33,41.9,4.2000,CV,0,88.7,88.7
132.167,98.34,41.6,4.2000,CV,0,88.7,88.7
132.250,98.35,41.4,4.2000,CV,0,88.8,88.8
132.333,98.35,41.1,4.2000,CV,0,88.8,88.8
132.417,98.36,40.9,4.2000,CV,0,88.9,88.9
132.500,98.37,40.7,4.2000,CV,0,88.9,88.9
132.583,98.38,40.4,4.2000,CV,0,89.0,89.0
132.667,98.39,40.2,4.2000,CV,0,89.0,89.0
132.750,98.40,40.0,4.2000,CV,0,89.1,89.1
132.833,98.41,39.7,4.2000,CV,0,89.1,89.1
132.917,98.42,39.5,4.2000,CV,0,89.2,89.2
133.000,98.43,39.3,4.2000,CV,0,89.2,89.2
133.083,98.44,39.0,4.2000,CV,0,89.3,89.3
133.167,98.45,38.8,4.2000,CV,0,89.3,89.3
133.250,98.46,38.6,4.2000,CV,0,89.4,89.4
133.333,98.47,38.4,4.2000,CV,0,89.4,89.4
133.417,98.47,38.1,4.2000,CV,0,89.5,89.5
133.500,98.48,37.9,4.2000,CV,0,89.5,89.5
133.583,98.49,37.7,4.2000,CV,0,89.6,89.6
133.667,98.50,37.5,4.2000,CV,0,89.7,89.7
133.750,98.51,37.3,4.2000,CV,0,89.7,89.7
133.833,98.52,37.1,4.2000,CV,0,89.8,89.8
133.917,98.53,36.8,4.2000,CV,0,89.8,89.8
134.000,98.54,36.6,4.2000,CV,0,89.9,89.9
134.083,98.54,36.4,4.2000,CV,0,89.9,89.9
134.167,98.55,36.2,4.2000,CV,0,90.0,90.0
134.250,98.56,36.0,4.2000,CV,0,90.0,90.0
134.333,98.57,35.8,4.2000,CV,0,90.1,90.1
134.417,98.58,35.6,4.2000,CV,0,90.1,90.1
134.500,98.59,35.4,4.2000,CV,0,90.2,90.2
134.583,98.59,35.2,4.2000,CV,0,90.2,90.2
134.667,98.60,35.0,4.2000,CV,0,90.3,90.3
134.750,98.61,34.8,4.2000,CV,0,90.3,90.3
134.833,98.62,34.6,4.2000,CV,0,90.4,90.4
134.917,98.63,34.4,4.2000,CV,0,90.4,90.4
135.000,98.63,34.2,4.2000,CV,0,90.5,90.5
135.083,98.64,34.0,4.2000,CV,0,90.6,90.6
135.167,98.65,33.8,4.2000,CV,0,90.6,90.6
135.250,98.66,33.6,4.2000,CV,0,90.7,90.7
135.333,98.66,33.4,4.2000,CV,0,90.7,90.7
135.417,98.67,33.2,4.2000,CV,0,90.8,90.8
135.500,98.68,33.0,4.2000,CV,0,90.8,90.8
135.583,98.69,32.8,4.2000,CV,0,90.9,90.9
135.667,98.70,32.6,4.2000,CV,0,90.9,90.9
135.750,98.70,32.4,4.2000,CV,0,91.0,91.0
135.833,98.71,32.2,4.2000,CV,0,91.0,91.0
135.917,98.72,32.0,4.2000,CV,0,91.1,91.1
136.000,98.73,31.9,4.2000,CV,0,91.1,91.1
136.083,98.73,31.7,4.2000,CV,0,91.2,91.2
136.167,98.74,31.5,4.2000,CV,0,91.2,91.2
136.250,98.75,31.3,4.2000,CV,0,91.3,91.3
136.333,98.75,31.1,4.2000,CV,0,91.3,91.3
136.417,98.76,30.9,4.2000,CV,0,91.4,91.4
136.500,98.77,30.8,4.2000,CV,0,91.5,91.5
136.583,98.78,30.6,4.2000,CV,0,91.5,91.5
136.667,98.78,30.4,4.2000,CV,0,91.6,91.6
136.750,98.79,30.2,4.2000,CV,0,91.6,91.6
136.833,98.80,30.1,4.2000,CV,0,91.7,91.7
136.917,98.80,29.9,4.2000,CV,0,91.7,91.7
137.000,98.81,29.7,4.2000,CV,0,91.8,91.8
137.083,98.82,29.5,4.2000,CV,0,91.8,91.8
137.167,98.83,29.4,4.2000,CV,0,91.9,91.9
137.250,98.83,29.2,4.2000,CV,0,91.9,91.9
137.333,98.84,29.0,4.2000,CV,0,92.0,92.0
137.417,98.85,28.9,4.2000,CV,0,92.0,92.0
137.500,98.85,28.7,4.2000,CV,0,92.1,92.1
137.583,98.86,28.5,4.2000,CV,0,92.1,92.1
137.667,98.87,28.4,4.2000,CV,0,92.2,92.2
137.750,98.87,28.2,4.2000,CV,0,92.2,92.2
137.833,98.88,28.0,4.2000,CV,0,92.3,92.3
137.917,98.88,27.9,4.2000,CV,0,92.3,92.3
138.000,98.89,27.7,4.2000,CV,0,92.4,92.4
138.083,98.90,27.6,4.2000,CV,0,92.5,92.5
138.167,98.90,27.4,4.2000,CV,0,92.5,92.5
138.250,98.91,27.2,4.2000,CV,0,92.6,92.6
138.333,98.92,27.1,4.2000,CV,0,92.6,92.6
138.417,98.92,26.9,4.2000,CV,0,92.7,92.7
138.500,98.93,26.8,4.2000,CV,0,92.7,92.7
138.583,98.94,26.6,4.2000,CV,0,92.8,92.8
138.667,98.94,26.5,4.2000,CV,0,92.8,92.8
138.750,98.95,26.3,4.2000,CV,0,92.9,92.9
138.833,98.95,26.2,4.2000,CV,0,92.9,92.9
138.917,98.96,26.0,4.2000,CV,0,93.0,93.0
139.000,98.97,25.9,4.2000,CV,0,93.0,93.0
139.083,98.97,25.7,4.2000,CV,0,93.1,93.1
139.167,98.98,25.6,4.2000,CV,0,93.1,93.1
139.250,98.98,25.4,4.2000,CV,0,93.2,93.2
139.333,98.99,25.3,4.2000,CV,0,93.2,93.2
139.417,99.00,25.1,4.2000,CV,0,93.3,93.3
139.500,99.00,25.0,4.2000,CV,0,93.4,93.4
139.583,99.01,24.8,4.2000,CV,0,93.4,93.4
139.667,99.01,24.7,4.2000,CV,0,93.5,93.5
139.750,99.02,24.5,4.2000,CV,0,93.5,93.5
139.833,99.02,24.4,4.2000,CV,0,93.6,93.6
139.917,99.03,24.3,4.2000,CV,0,93.6,93.6
140.000,99.04,24.1,4.2000,CV,0,93.7,93.7
140.083,99.04,24.0,4.2000,CV,0,93.7,93.7
140.167,99.05,23.8,4.2000,CV,0,93.8,93.8
140.250,99.05,23.7,4.2000,CV,0,93.8,93.8
140.333,99.06,23.6,4.2000,CV,0,93.9,93.9
140.417,99.06,23.4,4.2000,CV,0,93.9,93.9
140.500,99.07,23.3,4.2000,CV,0,94.0,94.0
140.583,99.07,23.2,4.2000,CV,0,94.0,94.0
140.667,99.08,23.0,4.2000,CV,0,94.1,94.1
140.750,99.08,22.9,4.2000,CV,0,94.1,94.1
140.833,99.09,22.8,4.2000,CV,0,94.2,94.2
140.917,99.10,22.6,4.2000,CV,0,94.2,94.2
141.000,99.10,22.5,4.2000,CV,0,94.3,94.3
141.083,99.11,22.4,4.2000,CV,0,94.4,94.4
141.167,99.11,22.2,4.2000,CV,0,94.4,94.4
141.250,99.12,22.1,4.2000,CV,0,94.5,94.5
141.333,99.12,22.0,4.2000,CV,0,94.5,94.5
141.417,99.13,21.8,4.2000,CV,0,94.6,94.6
141.500,99.13,21.7,4.2000,CV,0,94.6,94.6
141.583,99.14,21.6,4.2000,CV,0,94.7,94.7
141.667,99.14,21.5,4.2000,CV,0,94.7,94.7
141.750,99.15,21.3,4.2000,CV,0,94.8,94.8
141.833,99.15,21.2,4.2000,CV,0,94.8,94.8
141.917,99.16,21.1,4.2000,CV,0,94.9,94.9
142.000,99.16,21.0,4.2000,CV,1,94.9,94.9
